b,  time,  L1-dcache-load-misses
1,  0.562751559,  333955413
2,  0.706751288,  198843597
3,  0.512443726,  228624961
4,  0.474036212,  187971491
5,  0.512893645,  179334184
6,  0.488226229,  159282717
7,  0.499571136,  156847942
8,  0.444184549,  115674583
9,  0.489099829,  150799806
10,  0.450379059,  147649662
11,  0.476615100,  148987909
12,  0.466269521,  136985252
13,  0.480993230,  146926232
14,  0.482134391,  143611133
15,  0.458244725,  145277794
16,  0.444557241,  124477391
17,  0.464591232,  150020033
18,  0.479064459,  152416801
19,  0.482617125,  158302813
20,  0.466279137,  161326477
21,  0.495636950,  180297170
22,  0.537886062,  202442701
23,  0.543954198,  215031953
24,  0.539194851,  216998962
25,  0.552322922,  232741405
26,  0.536549748,  244698530
27,  0.551175251,  255792628
28,  0.543778118,  262810208
29,  0.560743227,  275308911
30,  0.614832674,  298253134
31,  0.596962515,  296877724
32,  0.615369598,  310972616
33,  0.633579120,  332429004
34,  0.628210039,  342567712
35,  0.653642203,  353776286
36,  0.657588092,  367543210
37,  0.638536544,  365275879
38,  0.634036477,  368100004
39,  0.638295396,  374955736
40,  0.638081813,  379517981
41,  0.640710373,  380690707
42,  0.687866438,  387016472
43,  0.689692927,  395594165
44,  0.674437218,  388562005
45,  0.690308984,  393132326
46,  0.675682954,  389205139
47,  0.670173194,  389158847
48,  0.664525802,  386137362
49,  0.687807700,  394862166
50,  0.687660378,  390204921
51,  0.676634831,  390419513
52,  0.691005389,  388053665
53,  0.687096440,  388391550
54,  0.694095974,  389822985
55,  0.691882994,  392087184
56,  0.681749848,  388743973
57,  0.700670682,  391645902
58,  0.695132981,  388057687
59,  0.702647945,  390586142
60,  0.700308914,  388933887
61,  0.739498413,  395954600
62,  0.722870054,  387864540
63,  0.723569148,  391195047
64,  0.713383539,  388527938
65,  0.725176834,  390918660
66,  0.718594400,  389685176
67,  0.759209483,  396409505
68,  0.721139303,  387609536
69,  0.711950159,  389019851
70,  0.734237116,  391371522
71,  0.747278692,  393429388
72,  0.736179098,  386955023
73,  0.751730296,  390590668
74,  0.722365457,  391330266
75,  0.719714182,  390445252
76,  0.730687606,  386181034
77,  0.731753015,  390012362
78,  0.716256860,  388939566
79,  0.740182159,  395026718
80,  0.713538285,  386862085
81,  0.719697000,  387245374
82,  0.690060130,  386263129
83,  0.689541314,  387113605
84,  0.708940670,  388716511
85,  0.687541685,  386957044
86,  0.687247669,  387105877
87,  0.686053846,  385845516
88,  0.690479611,  384924169
89,  0.688435662,  385769309
90,  0.672248387,  385551742
91,  0.673517940,  385996450
92,  0.674876313,  386584638
93,  0.665958465,  385815420
94,  0.675701855,  385445566
95,  0.670884652,  385083413
96,  0.686157546,  391149881
97,  0.670429325,  383330032
98,  0.675780304,  384079928
99,  0.658568300,  385671278
100,  0.662665662,  385564582
101,  0.662778955,  387808319
102,  0.651027970,  382473362
103,  0.645036949,  382961530
104,  0.665654378,  387009929
105,  0.653911763,  385572439
106,  0.655746419,  383142883
107,  0.633620497,  383088267
108,  0.636683854,  383190405
109,  0.634483777,  382118811
110,  0.626966817,  382037932
111,  0.626498547,  380804471
112,  0.657419616,  386687826
113,  0.633551214,  381499988
114,  0.618543811,  380222566
115,  0.608939639,  379990108
116,  0.617786461,  381068376
117,  0.607648263,  380621328
118,  0.618589867,  379122085
119,  0.620969756,  383842791
120,  0.631349625,  381055821
121,  0.615125970,  383216033
122,  0.616435779,  379407762
123,  0.619127460,  381005457
124,  0.616086785,  380128232
125,  0.598467293,  379589838
126,  0.599855886,  379361778
127,  0.608209903,  378956373
128,  0.592078516,  380114553
129,  0.601272793,  378541982
130,  0.604765974,  380016527
131,  0.629039815,  386153371
132,  0.618813652,  381219134
133,  0.611515010,  382152966
134,  0.595839113,  378888918
135,  0.605775727,  379891978
136,  0.594585244,  379564313
137,  0.625891451,  384709149
138,  0.613322810,  382581538
139,  0.606671874,  379738292
140,  0.617928610,  378311269
141,  0.608435914,  378454672
142,  0.598664202,  379228961
143,  0.605881522,  378921728
144,  0.612502297,  379173443
145,  0.621351758,  381086479
146,  0.592603636,  380415278
147,  0.603174847,  379409806
148,  0.592304942,  378002603
149,  0.590769887,  378456162
150,  0.602529575,  378774998
151,  0.596385253,  379481636
152,  0.596747858,  378212522
153,  0.598074466,  378585512
154,  0.599095937,  379484050
155,  0.600178505,  380067519
156,  0.598644232,  379367402
157,  0.609158470,  378932548
158,  0.593206234,  378416353
159,  0.608614916,  379077296
160,  0.618535532,  380348956
161,  0.624376514,  380852402
162,  0.607129812,  380983876
163,  0.618643837,  381158456
164,  0.626592455,  380787478
165,  0.650106883,  380482317
166,  0.626634768,  379786822
167,  0.641274180,  381341007
168,  0.639433570,  381176360
169,  0.643755161,  382273355
170,  0.642953181,  380165883
171,  0.658378601,  382012433
172,  0.653366677,  381859940
173,  0.657852396,  379953940
174,  0.663614871,  379640559
175,  0.676767914,  380234726
176,  0.727971859,  387807887
177,  0.709227075,  385871017
178,  0.703095529,  382867556
179,  0.703599310,  382080854
180,  0.696311687,  380813003
181,  0.724729671,  383688329
182,  0.744211360,  387130395
183,  0.710674679,  382251777
184,  0.718590205,  383591872
185,  0.739531888,  383406446
186,  0.725802224,  381165179
187,  0.732667528,  383577518
188,  0.737146884,  383131737
189,  0.753587654,  383633886
190,  0.747679705,  383040027
191,  0.734537664,  382794321
192,  0.778525085,  386322428
193,  0.747603726,  381707043
194,  0.744532546,  383085943
195,  0.746133922,  381341720
196,  0.790422908,  387094173
197,  0.749337466,  380436591
198,  0.776998589,  381025101
199,  0.759411505,  382508717
200,  0.763104929,  382331093
201,  0.770664766,  382356728
202,  0.779199238,  382778603
203,  0.780269871,  382495020
204,  0.793153271,  381399147
205,  0.836692822,  391792310
206,  0.817654005,  390502675
207,  0.777452025,  381984312
208,  0.776444476,  380594930
209,  0.791474976,  383407013
210,  0.798031011,  381083428
211,  0.816704471,  382743456
212,  0.799038896,  382787428
213,  0.808917155,  382239040
214,  0.856628931,  381348746
215,  0.824380646,  381517145
216,  0.839286750,  380866097
217,  0.799771872,  378593848
218,  0.798982418,  380650499
219,  0.809405728,  380632190
220,  0.805203983,  379912341
221,  0.799791416,  378182425
222,  0.801939113,  377604361
223,  0.790784693,  378697695
224,  0.819951177,  375813950
225,  0.856036734,  384782401
226,  0.802443121,  376991966
227,  0.829779021,  380381235
228,  0.799659160,  378405180
229,  0.807859110,  377502649
230,  0.820459866,  378307734
231,  0.827753159,  379310997
232,  0.806637435,  377225970
233,  0.799932747,  377791192
234,  0.827504275,  375351276
235,  0.811920924,  378425074
236,  0.827042662,  376649291
237,  0.823871225,  375526508
238,  0.860258639,  379268183
239,  0.856977406,  377975945
240,  0.831375902,  375730291
241,  0.800972546,  378671725
242,  0.807960745,  378306799
243,  0.817270519,  376545483
244,  0.794728706,  377875938
245,  0.798742173,  379095931
246,  0.812071645,  377024232
247,  0.800641951,  378315735
248,  0.805114824,  377920794
249,  0.806315442,  378318854
250,  0.817460508,  376825610
251,  0.808991169,  378750993
252,  0.796697539,  378093865
253,  0.796083284,  375482923
254,  0.819086152,  382369121
255,  0.798157668,  375754039
256,  0.825286236,  381564261
257,  0.816465270,  378502799
258,  0.837662559,  385043223
259,  0.814655126,  379112249
260,  0.813544195,  377846641
261,  0.863452322,  376702791
262,  0.839495933,  378138579
263,  0.818290958,  376382866
264,  0.824202119,  377383540
265,  0.838036766,  377944044
266,  0.839049085,  379682709
267,  0.824758152,  379156358
268,  0.818464351,  376217453
269,  0.825389296,  376384239
270,  0.818773044,  376332970
271,  0.844893050,  372778267
272,  0.819116150,  374765865
273,  0.832322831,  372720056
274,  0.831319736,  372582834
275,  0.827824322,  373845731
276,  0.830086703,  373071512
277,  0.832667116,  374613783
278,  0.831275828,  374980724
279,  0.833926399,  374726147
280,  0.823404791,  373834948
281,  0.852663445,  380714823
282,  0.849375187,  371066177
283,  0.842851324,  372593583
284,  0.853111595,  372211717
285,  0.839641274,  371607931
286,  0.839615949,  373057698
287,  0.834572360,  372479225
288,  0.838696189,  368549758
289,  0.846697033,  369761319
290,  0.856849690,  380377671
291,  0.852223315,  370634003
292,  0.840336310,  369433636
293,  0.836560292,  372654593
294,  0.837713587,  373632124
295,  0.879028862,  380300833
296,  0.858827242,  373896713
297,  0.842354523,  376496207
298,  0.848132507,  375760452
299,  0.844916521,  372604809
300,  0.843589062,  372125963
