b,  time,  L1-dcache-load-misses
1,  0.569167255,  332190567
2,  0.658609141,  199047492
3,  0.513785097,  228058949
4,  0.504312592,  189796574
5,  0.488669451,  180816811
6,  0.494209508,  159275980
7,  0.483356823,  156972380
8,  0.440994663,  115700729
9,  0.464182588,  150708040
10,  0.450876936,  147688295
11,  0.468634285,  148677843
12,  0.465618826,  136999404
13,  0.458037994,  146723805
14,  0.475269071,  143607418
15,  0.476902003,  145331430
16,  0.450678556,  124456234
17,  0.482135629,  150082756
18,  0.472936751,  152641668
19,  0.475525520,  158673731
20,  0.487975906,  161505200
21,  0.501977342,  179544656
22,  0.522974916,  199288770
23,  0.521884462,  208704234
24,  0.512583009,  209044863
25,  0.524383468,  229768297
26,  0.559333243,  253526632
27,  0.578385982,  253980668
28,  0.572148055,  262469047
29,  0.575865532,  277715285
30,  0.598188264,  284408004
31,  0.628715015,  297875604
32,  0.614205597,  296298376
33,  0.608784267,  313457876
34,  0.641496880,  333309810
35,  0.631127770,  353095732
36,  0.632308103,  356435015
37,  0.637686991,  363110422
38,  0.633159578,  368078691
39,  0.662606387,  376737222
40,  0.658382380,  381027406
41,  0.637764683,  381799990
42,  0.685710888,  393157872
43,  0.660759022,  389614966
44,  0.671590633,  390737319
45,  0.667871251,  389116352
46,  0.674982306,  388448867
47,  0.666445871,  388358898
48,  0.661268868,  386037570
49,  0.679726269,  388576606
50,  0.670183354,  388239663
51,  0.695540754,  389601958
52,  0.674581543,  387535087
53,  0.698969449,  392128479
54,  0.716909080,  391710487
55,  0.787282097,  397799161
56,  0.716699644,  390750378
57,  0.736882744,  393062677
58,  0.752904638,  392506910
59,  0.741060810,  391877742
60,  0.719829943,  390930032
61,  0.766004992,  392236108
62,  0.720294599,  390061938
63,  0.795084614,  397745327
64,  0.731858651,  387767677
65,  0.725966938,  388702575
66,  0.716360298,  388849713
67,  0.752037624,  392367973
68,  0.769819727,  398501128
69,  0.741564799,  389278414
70,  0.735825913,  389019412
71,  0.722899893,  388825207
72,  0.726702879,  388002527
73,  0.714726948,  389152607
74,  0.741646968,  390750705
75,  0.770928581,  402816945
76,  0.716819938,  390356039
77,  0.737737399,  397605336
78,  0.729275796,  390212902
79,  0.727141912,  390027820
80,  0.714348072,  390235957
81,  0.719742113,  387316988
82,  0.690927391,  387926825
83,  0.715562742,  388826197
84,  0.728288541,  394911494
85,  0.692406851,  387962470
86,  0.693683416,  388660029
87,  0.696613732,  388468689
88,  0.686265140,  385892680
89,  0.676590119,  386413027
90,  0.676903528,  385270915
91,  0.691460207,  392523894
92,  0.694211876,  391376284
93,  0.678029285,  386633343
94,  0.668687518,  385094158
95,  0.674417042,  387947591
96,  0.695692855,  386827920
97,  0.670927496,  386085996
98,  0.685665670,  389637342
99,  0.651985102,  384444403
100,  0.654751519,  384015417
101,  0.642661959,  384094450
102,  0.667603658,  383339638
103,  0.649022924,  381718787
104,  0.700209998,  383341712
105,  0.646573003,  382021519
106,  0.644132792,  386260075
107,  0.631943569,  382388431
108,  0.652586866,  383880494
109,  0.639822677,  381966301
110,  0.635854184,  383130139
111,  0.634116840,  381495573
112,  0.644832961,  381669688
113,  0.628207703,  381257074
114,  0.628688553,  381981658
115,  0.632084638,  382157350
116,  0.615836301,  381148004
117,  0.632778649,  381497448
118,  0.642869743,  386498807
119,  0.613520734,  379389377
120,  0.617666429,  379312274
121,  0.615932786,  380355171
122,  0.609905401,  380452260
123,  0.613618241,  379397964
124,  0.635535835,  386283013
125,  0.601964176,  380487335
126,  0.617971058,  380792420
127,  0.605326756,  380952716
128,  0.614153327,  383748008
129,  0.614715299,  382347798
130,  0.614223998,  381884816
131,  0.603297251,  381493135
132,  0.612225515,  379468072
133,  0.616803507,  380285261
134,  0.599533576,  380512473
135,  0.599730484,  378540922
136,  0.606691257,  381198347
137,  0.606450469,  380667175
138,  0.598817909,  380399941
139,  0.631574376,  386132685
140,  0.593018160,  379455639
141,  0.585229292,  379327636
142,  0.603658883,  380651609
143,  0.606331343,  379890430
144,  0.629621775,  380855067
145,  0.599610490,  378702908
146,  0.638832075,  384667203
147,  0.603486405,  378526269
148,  0.596167710,  377942235
149,  0.600610203,  378740547
150,  0.596999186,  378687939
151,  0.585022211,  378529342
152,  0.597219058,  378364206
153,  0.603043565,  378965330
154,  0.634248390,  378878184
155,  0.615491390,  380816854
156,  0.617472778,  381694836
157,  0.638847019,  380326920
158,  0.629119936,  381823737
159,  0.622333859,  381175957
160,  0.611895079,  380781616
161,  0.641302205,  383764363
162,  0.642007822,  382596395
163,  0.620966403,  380797963
164,  0.611940642,  379805199
165,  0.611030873,  379800142
166,  0.663530867,  385456888
167,  0.645547040,  381710213
168,  0.645887575,  381854925
169,  0.640539764,  381784304
170,  0.687485716,  387334881
171,  0.687719310,  387350206
172,  0.665300577,  381043762
173,  0.670520154,  381150026
174,  0.666768998,  380893895
175,  0.720429644,  386986716
176,  0.692506125,  383633275
177,  0.707421742,  381428679
178,  0.730035869,  388439698
179,  0.703592224,  383009675
180,  0.720394820,  384289018
181,  0.719560050,  381998657
182,  0.719067952,  382813375
183,  0.740297129,  386419191
184,  0.765584977,  389402157
185,  0.729871379,  383564493
186,  0.724579620,  382464593
187,  0.730379959,  384050094
188,  0.752591735,  382823651
189,  0.756513090,  383017554
190,  0.767300004,  382531311
191,  0.747194878,  383500173
192,  0.750078075,  383618067
193,  0.754239362,  382835793
194,  0.753818418,  383242084
195,  0.753302911,  383870454
196,  0.787863901,  387509413
197,  0.772868259,  384199183
198,  0.782474401,  385844215
199,  0.777524730,  383489554
200,  0.774980604,  380935182
201,  0.783377981,  383231797
202,  0.796178908,  381136637
203,  0.768352670,  380738617
204,  0.797836911,  382226678
205,  0.799557580,  387952348
206,  0.789302007,  381684141
207,  0.784435168,  382717130
208,  0.788394260,  380618258
209,  0.780784142,  381716439
210,  0.793120516,  382129913
211,  0.818505966,  386418970
212,  0.820283653,  387100801
213,  0.794784570,  378402735
214,  0.805846223,  383912956
215,  0.803552516,  383286198
216,  0.808582688,  382057929
217,  0.787204363,  380799782
218,  0.782061650,  380534168
219,  0.786886615,  379937941
220,  0.803499341,  377698379
221,  0.798177670,  377689131
222,  0.795790555,  379283414
223,  0.790185039,  377405421
224,  0.803480906,  378285792
225,  0.797451906,  378328820
226,  0.797285922,  377794290
227,  0.811113931,  376358330
228,  0.841897805,  383652114
229,  0.782188765,  376882894
230,  0.818719349,  380279997
231,  0.828273859,  375706084
232,  0.819316996,  377621760
233,  0.805443389,  375652991
234,  0.794470047,  377054983
235,  0.787544598,  376709080
236,  0.795920743,  376213502
237,  0.792820072,  375464181
238,  0.795417186,  379024189
239,  0.807743448,  375620974
240,  0.788377678,  375176104
241,  0.825882370,  383411403
242,  0.797350556,  377590234
243,  0.818353860,  378630871
244,  0.795410248,  376254527
245,  0.790951346,  378301157
246,  0.793932270,  376753473
247,  0.806335427,  378483743
248,  0.796682729,  376145065
249,  0.832459105,  382882189
250,  0.810517765,  379920145
251,  0.790326580,  378038721
252,  0.797144003,  379580000
253,  0.799108350,  378361618
254,  0.799533873,  378255932
255,  0.818402898,  378632861
256,  0.825440671,  377583924
257,  0.817982794,  376742381
258,  0.804830825,  375296316
259,  0.817178371,  375956963
260,  0.824827745,  381362587
261,  0.849204032,  377518604
262,  0.819454801,  378258922
263,  0.853673249,  380494913
264,  0.834942693,  377935265
265,  0.836733137,  377888243
266,  0.869418042,  380081279
267,  0.844239614,  376284087
268,  0.856891333,  376103105
269,  0.852008078,  380133284
270,  0.864177665,  382598550
271,  0.824523748,  375850976
272,  0.825731990,  372370261
273,  0.851068238,  378529885
274,  0.840457470,  375048053
275,  0.840041099,  376738214
276,  0.830809061,  375312907
277,  0.841211225,  372571069
278,  0.847758409,  376715010
279,  0.845339832,  374899847
280,  0.860260030,  374332578
281,  0.830143093,  374616520
282,  0.830177363,  370862409
283,  0.836089053,  371486114
284,  0.843963088,  373575294
285,  0.845483934,  373426265
286,  0.834615199,  373776298
287,  0.855509360,  373286979
288,  0.840111183,  371489463
289,  0.835503441,  372912983
290,  0.840852841,  373289406
291,  0.854815812,  373719277
292,  0.854946206,  372728344
293,  0.864060291,  373757984
294,  0.841715469,  373437761
295,  0.886514255,  371106767
296,  0.869394901,  374197437
297,  0.889119742,  370338943
298,  0.860416191,  376217501
299,  0.864339419,  373653277
300,  0.902530692,  381913547
