b,  time,  L1-dcache-load-misses,  LLC-load-misses
1,  2.354463746,  451836585,  42391800
2,  2.010981729,  288453926,  42395532
3,  1.769391245,  317758652,  42574968
4,  1.730035471,  268425048,  42404512
5,  1.696808746,  265339608,  42721019
6,  1.715961436,  244954401,  42545882
7,  1.680374847,  236782318,  42556878
8,  1.701055245,  235666005,  42558690
9,  1.617086492,  219561426,  42503301
10,  1.614577693,  210545193,  42449498
11,  1.623590245,  208213875,  42515729
12,  1.607479713,  197413471,  42428928
13,  1.603042045,  201209791,  42529877
14,  1.589261406,  196539502,  42558820
15,  1.588159090,  195929047,  42554879
16,  1.563895899,  195764110,  42462050
17,  1.630372686,  186132704,  42551461
18,  1.534971775,  187264555,  42500689
19,  1.633127207,  181944331,  42506976
20,  1.533233927,  182050187,  42482094
21,  1.656353201,  180449271,  42495206
22,  1.536023384,  183046126,  42524291
23,  1.669922066,  179162653,  42536036
24,  1.548929083,  184656650,  42543428
25,  1.630520028,  184421212,  48060596
26,  1.638710802,  175850441,  42571523
27,  1.623802017,  183232294,  47930230
28,  1.579690160,  172295503,  42616557
29,  1.622604264,  183025244,  47671991
30,  1.624851483,  175621639,  42713577
31,  1.650000167,  183408982,  47828769
32,  1.576530355,  166157354,  42606862
33,  1.617493711,  180278319,  47111676
34,  1.635389294,  176247298,  42964680
35,  1.624549337,  181769644,  47229442
36,  1.584511318,  174623446,  43036162
37,  1.624671609,  185165019,  47251089
38,  1.625770480,  178923642,  43322193
39,  1.633052759,  187945178,  47501791
40,  1.613603932,  188484135,  50223577
41,  1.627394147,  187050311,  50042810
42,  1.647940902,  184167029,  43897043
43,  1.643451257,  189790430,  50464148
44,  1.596127946,  182985233,  44037442
45,  1.647460371,  192819732,  50759424
46,  1.646811857,  186642269,  44897523
47,  1.659170426,  193557778,  51282980
48,  1.583918021,  190989351,  45872188
49,  1.644513506,  189049754,  53384636
50,  1.651638616,  186016753,  45779615
51,  1.660164724,  189807915,  53667929
52,  1.606261179,  182596243,  45642571
53,  1.665968143,  191402103,  53797228
54,  1.659525867,  184646555,  46675086
55,  1.668679572,  191543031,  53797277
56,  1.634976406,  178950772,  56025988
57,  1.665925530,  189287536,  59207834
58,  1.658545701,  183359334,  47441289
59,  1.676559517,  190088036,  59888107
60,  1.617722368,  180238902,  47455423
61,  1.687280826,  191365037,  60136981
62,  1.675186962,  182164698,  48582674
63,  1.687509366,  191734758,  60073587
64,  1.594663380,  175329038,  46371754
65,  1.679918206,  187789416,  61187683
66,  1.668376571,  185532554,  60366390
67,  1.687149849,  188491982,  61377761
68,  1.660363707,  183162065,  59198048
69,  1.689271493,  189487176,  61071616
70,  1.670300414,  184792489,  60276611
71,  1.690289649,  190095402,  61147724
72,  1.674314565,  186310893,  60778664
73,  1.679047901,  185436232,  60374097
74,  1.668913224,  183686033,  59712659
75,  1.685368855,  186173847,  60291745
76,  1.658059161,  181667800,  58522502
77,  1.689323142,  187350420,  60375257
78,  1.673145577,  183172284,  59930833
79,  1.693306259,  187932894,  60482942
80,  1.688095393,  185496747,  61952828
81,  1.691244719,  184702694,  61470884
82,  1.682808686,  183189687,  60907343
83,  1.697231394,  185430810,  61401007
84,  1.672190969,  181398808,  59766667
85,  1.702063584,  186685308,  61402539
86,  1.685872005,  182746484,  61059057
87,  1.703234038,  187085375,  61340196
88,  1.703082723,  185403382,  64040043
89,  1.703632495,  184831343,  63473603
90,  1.696369544,  183371407,  63019301
91,  1.707965073,  185498645,  63508955
92,  1.686750038,  181773704,  62060121
93,  1.713895150,  186617793,  63704034
94,  1.698942743,  182951143,  63201869
95,  1.718187293,  187019328,  63828793
96,  1.712597722,  185117801,  64983389
97,  1.715893236,  184464463,  64530601
98,  1.709833529,  183256368,  64086272
99,  1.719098351,  185165680,  64454397
100,  1.698047730,  182015561,  63208566
101,  1.717619591,  186273593,  64323772
102,  1.714673017,  183141119,  65082230
103,  1.716101719,  186519605,  64189791
104,  1.713976576,  185351396,  66174278
105,  1.715809541,  184429986,  65670439
106,  1.711332637,  183479666,  65243573
107,  1.717081112,  184985529,  65556766
108,  1.702565959,  182155694,  64324722
109,  1.714624355,  186032285,  65198598
110,  1.709905448,  183136561,  65258752
111,  1.717628755,  186439494,  65154071
112,  1.692990153,  180370461,  64755823
113,  1.720554148,  185591740,  67833897
114,  1.713201681,  184333414,  67202931
115,  1.718763185,  186129015,  67629601
116,  1.705765194,  183102737,  66491444
117,  1.718736195,  187116819,  67416555
118,  1.711544482,  184219805,  67382535
119,  1.720072378,  187736006,  67583509
120,  1.718744135,  185666084,  68868215
121,  1.718061079,  185674177,  68508575
122,  1.715203604,  184481138,  68210871
123,  1.720186713,  186305621,  68568208
124,  1.708200032,  183403061,  67590373
125,  1.719664922,  187262507,  68326906
126,  1.715256217,  184513965,  68098424
127,  1.721700756,  187789170,  68126009
128,  1.692860176,  180649229,  65630209
129,  1.713935035,  185206163,  67757332
130,  1.709479609,  184194226,  67431303
131,  1.713966871,  185996022,  67233772
132,  1.702529670,  183460875,  66803185
133,  1.716772838,  187135722,  67269573
134,  1.710465961,  184605464,  67490341
135,  1.715933548,  187850921,  67157276
136,  1.695806033,  182510689,  66290370
137,  1.717141214,  186681459,  68294474
138,  1.711669210,  185805961,  67941595
139,  1.716100035,  187562073,  68013964
140,  1.705447409,  185175819,  67295901
141,  1.714403648,  188811852,  67722572
142,  1.709708592,  186447268,  67798000
143,  1.715578316,  189876195,  67755982
144,  1.713548089,  187958130,  68763599
145,  1.715330531,  188046584,  68526281
146,  1.710345976,  187243145,  68341783
147,  1.715483043,  189046287,  68391806
148,  1.705734460,  186846669,  67653591
149,  1.713819863,  190182863,  68264282
150,  1.711011457,  187942068,  68421677
151,  1.715416427,  191055258,  68530907
152,  1.715089160,  189420256,  69424998
153,  1.715741378,  189791274,  69132273
154,  1.716589280,  190240967,  68950696
155,  1.714416986,  190801221,  69297613
156,  1.707492620,  188648827,  68491379
157,  1.713319261,  192518320,  69187965
158,  1.717856368,  191287099,  69256325
159,  1.713745525,  193190783,  69442566
160,  1.698707250,  187954374,  68223701
161,  1.717524943,  192201612,  70349188
162,  1.712377233,  191438122,  70184046
163,  1.717501746,  194362585,  70478157
164,  1.708740073,  191844958,  69687925
165,  1.715384768,  195877949,  70578959
166,  1.710862007,  193607795,  70260708
167,  1.714060525,  197361029,  70520950
168,  1.715290846,  195507384,  71072167
169,  1.714629769,  196668728,  70626992
170,  1.711688005,  196095722,  70477888
171,  1.713743127,  198118338,  70713615
172,  1.707695875,  196339422,  70025774
173,  1.714685775,  199745509,  70861256
174,  1.711586069,  198338284,  70560925
175,  1.714650426,  201351749,  70974367
176,  1.716358289,  199782677,  71546623
177,  1.714914991,  200313163,  71195229
178,  1.714621690,  199820669,  71151475
179,  1.712767213,  201464411,  71282488
180,  1.705435655,  200472078,  70826982
181,  1.712538223,  202747175,  71407604
182,  1.709821397,  201756383,  71221120
183,  1.712115644,  204098944,  71563668
184,  1.699974503,  201048924,  70198062
185,  1.713581112,  204156278,  71990642
186,  1.717735234,  206460479,  72071407
187,  1.613799338,  205686804,  72073258
188,  1.708522945,  203997125,  71391395
189,  1.714618776,  207053591,  72194458
190,  1.712855425,  205574322,  71997946
191,  1.712550721,  208460909,  72336999
192,  1.699640539,  204452249,  70910729
193,  1.713008733,  208052127,  72571995
194,  1.718651428,  211217966,  72587772
195,  1.713233755,  210594355,  72533854
196,  1.706660273,  209326663,  71937157
197,  1.711342726,  213173157,  72571116
198,  1.709829716,  211980976,  72573846
199,  1.713416251,  215896337,  72632350
200,  1.712036562,  214252331,  73194584
201,  1.713537329,  216319330,  72854170
202,  1.712465733,  216104050,  72836858
203,  1.713060795,  219124226,  72803522
204,  1.717257802,  221882112,  72834388
205,  1.711564472,  221996719,  72998352
206,  1.712590441,  220560842,  72738237
207,  1.713344332,  225573456,  73099553
208,  1.701263784,  220558377,  71975723
209,  1.713480256,  225310980,  73722527
210,  1.712800687,  224769937,  73324382
211,  1.714039698,  228620264,  73616424
212,  1.710783943,  226863271,  73008453
213,  1.714645918,  231731969,  73542828
214,  1.713697643,  229274169,  73559796
215,  1.717781800,  235143096,  73694734
216,  1.705261089,  229964612,  72354259
217,  1.716814057,  234354837,  73961434
218,  1.713883339,  233669706,  73565665
219,  1.718135995,  237346341,  74015278
220,  1.713048661,  235557800,  73371718
221,  1.716381065,  240260513,  73934832
222,  1.714264356,  238260713,  73839157
223,  1.716047687,  243319602,  73953952
224,  1.704699395,  237884414,  72489060
225,  1.718583159,  243488659,  73992257
226,  1.721334575,  248184443,  73761744
227,  1.718521516,  248704147,  73874383
228,  1.715488338,  247660044,  73309615
229,  1.719891806,  253891890,  73732937
230,  1.719458564,  252067135,  73667870
231,  1.721228107,  260095748,  73800730
232,  1.707804914,  255507751,  72352365
233,  1.717576794,  261492625,  73357842
234,  1.725834109,  266928591,  73638443
235,  1.720845326,  267555502,  73624731
236,  1.723730024,  271218061,  73144265
237,  1.725359680,  274307049,  73644126
238,  1.722794616,  272502169,  73412649
239,  1.725986540,  280377907,  73385917
240,  1.725830379,  278295087,  73868029
241,  1.728702006,  282037507,  73569502
242,  1.725959541,  283709387,  73263063
243,  1.731109914,  288912150,  73527319
244,  1.726382665,  288758644,  72917154
245,  1.732434268,  294242816,  73175729
246,  1.733048533,  294777587,  73255955
247,  1.734090133,  300495287,  73138700
248,  1.722823879,  297316250,  72107063
249,  1.731896061,  303189985,  73211311
250,  1.731836324,  304624673,  73101852
251,  1.738242029,  308818664,  73166769
252,  1.730516146,  309081871,  72568841
253,  1.736823420,  315284373,  73126583
254,  1.736131589,  315430311,  73013600
255,  1.741264243,  320686638,  72819762
256,  1.730577090,  317123327,  71903698
257,  1.742278165,  325481103,  73187815
258,  1.744618875,  327628996,  72896046
259,  1.748328913,  334375201,  72791472
260,  1.743956886,  336699984,  72383740
261,  1.750769882,  344665504,  72766254
262,  1.748704062,  344433665,  72571405
263,  1.754591163,  352793572,  72435597
264,  1.746533693,  352553827,  71575995
265,  1.760124829,  360495862,  72566397
266,  1.765175500,  364933138,  72406397
267,  1.762944493,  369703456,  72180175
268,  1.761544618,  372157367,  71909068
269,  1.767831848,  379901026,  72233540
270,  1.767631962,  381056601,  72071192
271,  1.772194111,  389007375,  71840125
272,  1.761452451,  390020641,  71212727
273,  1.774911852,  397493012,  72111031
274,  1.774036644,  399134991,  71897486
275,  1.776331071,  405936382,  71774216
276,  1.773401182,  408844863,  71368242
277,  1.780312017,  415932332,  71717479
278,  1.781493442,  415779073,  71585834
279,  1.783848160,  422003520,  71293049
280,  1.775906694,  423834965,  70288746
281,  1.783223461,  430460232,  71219091
282,  1.788297710,  433115635,  71130167
283,  1.788543359,  436468883,  70916003
284,  1.766932689,  439552246,  70238246
285,  1.787690360,  445664035,  70590351
286,  1.771110106,  448066745,  70647162
287,  1.775957794,  451524778,  70378160
288,  1.769965704,  452722162,  69553111
289,  1.791807145,  454882934,  70330718
290,  1.776463125,  455459598,  70327685
291,  1.798954354,  455182929,  70425688
292,  1.789347325,  453744199,  70110670
293,  1.792759099,  455665561,  70184902
294,  1.797985373,  456394777,  70405240
295,  1.798943500,  457770192,  70246747
296,  1.785184059,  454073269,  69747314
297,  1.793850223,  454899097,  70424801
298,  1.801259845,  455870152,  70312572
299,  1.799046990,  456679823,  70319462
300,  1.793738152,  457006068,  70086354
