b,  time,  L1-dcache-load-misses,  LLC-load-misses
1,  2.360932127,  451729732,  42375109
2,  2.025415325,  288345058,  42386184
3,  1.784571447,  317623781,  42551233
4,  1.750555266,  268306801,  42379730
5,  1.706782404,  265229363,  42700581
6,  1.719958148,  244873847,  42531479
7,  1.692044900,  236655253,  42536646
8,  1.701138247,  235553102,  42535755
9,  1.632820045,  219467345,  42488864
10,  1.613367027,  210431420,  42430109
11,  1.622116606,  208104000,  42496600
12,  1.610828040,  197300835,  42405500
13,  1.606146255,  201094494,  42510054
14,  1.573368105,  196439900,  42541892
15,  1.584862088,  195814553,  42531719
16,  1.576504692,  195672968,  42443640
17,  1.633098765,  186023634,  42526706
18,  1.537063265,  187147173,  42479226
19,  1.632196519,  181832144,  42485851
20,  1.533060776,  181925846,  42466540
21,  1.656042262,  180343734,  42464037
22,  1.535849006,  182953780,  42496533
23,  1.669229508,  179025787,  42500854
24,  1.550210529,  184531785,  42507237
25,  1.630241011,  184308608,  48013784
26,  1.635602765,  175724748,  42535631
27,  1.622976245,  183091765,  47872643
28,  1.571511545,  172194176,  42577192
29,  1.621873687,  182884227,  47590119
30,  1.626031906,  175517249,  42653453
31,  1.645278727,  183221616,  47704089
32,  1.577422991,  166078757,  42565801
33,  1.619745613,  180137963,  46981182
34,  1.636968550,  176129207,  42873562
35,  1.625449266,  181582843,  47088814
36,  1.583059935,  174509661,  42945283
37,  1.622754377,  184997577,  47103730
38,  1.627953845,  178784415,  43206259
39,  1.635255660,  187842147,  47340960
40,  1.612192162,  188335431,  50042621
41,  1.624146482,  186889888,  49859173
42,  1.646047007,  184046080,  43759123
43,  1.643088600,  189664674,  50305316
44,  1.599683381,  182861423,  43978356
45,  1.648849566,  192718369,  50674420
46,  1.644670350,  186513314,  44822536
47,  1.658346710,  193472436,  51212615
48,  1.603254653,  190881115,  45799741
49,  1.646068396,  188943085,  53314355
50,  1.653533653,  185915968,  45734454
51,  1.658852929,  189675586,  53602208
52,  1.609971347,  182486911,  45596453
53,  1.664020628,  191285497,  53778855
54,  1.661058774,  184531474,  46630698
55,  1.666769886,  191409811,  53769320
56,  1.634614298,  178826972,  56013070
57,  1.668632632,  189151479,  59193499
58,  1.660861900,  183248124,  47448393
59,  1.675123317,  189968419,  59889327
60,  1.619565775,  180133138,  47473686
61,  1.686291094,  191233812,  60117282
62,  1.674651755,  182025887,  48640885
63,  1.685866178,  191602413,  60038815
64,  1.594750425,  175200813,  46408414
65,  1.681354523,  187671556,  61098952
66,  1.671569635,  185394681,  60361907
67,  1.688949306,  188364159,  61301648
68,  1.662812329,  183042099,  59175099
69,  1.685528641,  189348584,  60977747
70,  1.668549276,  184667660,  60230528
71,  1.690290500,  189984759,  61087797
72,  1.675737478,  186182019,  60691984
73,  1.679583010,  185296653,  60276134
74,  1.670630045,  183580199,  59692623
75,  1.683316182,  186028358,  60212167
76,  1.656385136,  181543607,  58506668
77,  1.687458567,  187236813,  60304368
78,  1.672802571,  183070682,  59933272
79,  1.696172501,  187812012,  60440310
80,  1.689359287,  185360776,  61951215
81,  1.691591863,  184567922,  61395921
82,  1.682774098,  183058828,  60938643
83,  1.695965535,  185308363,  61348007
84,  1.670812310,  181275591,  59792715
85,  1.699409093,  186534527,  61359601
86,  1.685696089,  182639444,  61087484
87,  1.702229172,  186952849,  61309231
88,  1.703725563,  185287890,  64055727
89,  1.704079995,  184697323,  63446896
90,  1.697436584,  183251203,  63079381
91,  1.708043970,  185397993,  63480338
92,  1.689672751,  181637130,  62096216
93,  1.712750637,  186490795,  63684901
94,  1.701525796,  182871895,  63257929
95,  1.718711534,  186904225,  63819341
96,  1.714422924,  185002530,  65039095
97,  1.716085426,  184359798,  64507203
98,  1.708515299,  183114700,  64154530
99,  1.717726172,  185030999,  64483185
100,  1.697870057,  181902985,  63240951
101,  1.716819335,  186145743,  64341937
102,  1.717073863,  183032996,  65189889
103,  1.715835472,  186398496,  64211816
104,  1.718621067,  185226059,  66279156
105,  1.718089220,  184311378,  65725714
106,  1.712924620,  183356823,  65309120
107,  1.721019615,  184864298,  65601626
108,  1.700226464,  182045313,  64385208
109,  1.713135230,  185883031,  65252337
110,  1.709102114,  183039930,  65315660
111,  1.714135671,  186301210,  65178885
112,  1.690543192,  180259819,  64825322
113,  1.720586376,  185446528,  67891088
114,  1.715380619,  184196747,  67305426
115,  1.721961491,  186035992,  67711037
116,  1.707348905,  182980398,  66585544
117,  1.716072937,  186984588,  67520609
118,  1.713625521,  184091330,  67433799
119,  1.718628074,  187599867,  67661347
120,  1.719016112,  185549605,  68926091
121,  1.717869253,  185561711,  68589484
122,  1.715230634,  184370508,  68254465
123,  1.723050271,  186218292,  68770058
124,  1.708008367,  183254528,  67674943
125,  1.719777671,  187122869,  68401587
126,  1.714058953,  184347521,  68114485
127,  1.719170385,  187648639,  68191238
128,  1.693081942,  180553059,  65675996
129,  1.712780316,  185063574,  67824416
130,  1.709515993,  184055278,  67502961
131,  1.712715202,  185850989,  67268313
132,  1.705638971,  183326450,  66848860
133,  1.715763735,  187010828,  67305717
134,  1.710435008,  184466962,  67547007
135,  1.715855451,  187718964,  67234565
136,  1.695301478,  182400990,  66362496
137,  1.714381612,  186539984,  68341383
138,  1.711294341,  185679362,  67988365
139,  1.715638797,  187428051,  68094444
140,  1.704200071,  185034134,  67364234
141,  1.716228939,  188652192,  67794736
142,  1.710247168,  186302115,  67872167
143,  1.716468725,  189712336,  67811760
144,  1.714838787,  187809703,  68808901
145,  1.712193086,  187913622,  68568487
146,  1.710162733,  187086069,  68424745
147,  1.713973170,  188928722,  68463088
148,  1.704867972,  186678515,  67719762
149,  1.713610036,  190356588,  68458527
150,  1.710488076,  187810110,  68461417
151,  1.714073186,  190938664,  68615526
152,  1.715763384,  189304148,  69475926
153,  1.714609097,  189628290,  69241320
154,  1.715199623,  190086079,  69006783
155,  1.714665827,  190657073,  69353676
156,  1.703840321,  188469069,  68526149
157,  1.713403500,  192669401,  69358877
158,  1.715566601,  191156055,  69259432
159,  1.714582481,  193087658,  69474568
160,  1.697262663,  187808093,  68234777
161,  1.715511664,  192038252,  70365299
162,  1.712797572,  191296038,  70227958
163,  1.715279560,  193909823,  70474616
164,  1.700982757,  191688150,  69709684
165,  1.704946704,  195730371,  70610079
166,  1.709779179,  193430562,  70301260
167,  1.687683915,  197168680,  70565990
168,  1.710253495,  195361586,  71095064
169,  1.708751003,  196536093,  70679751
170,  1.712133320,  195945053,  70499157
171,  1.715325053,  197970587,  70768561
172,  1.707015950,  196270048,  70007684
173,  1.713371233,  199590822,  70890135
174,  1.704668498,  198161342,  70605742
175,  1.713818323,  201226361,  71032444
176,  1.714116645,  199640787,  71614248
177,  1.712945581,  200161173,  71247841
178,  1.712613544,  199683320,  71218358
179,  1.714236199,  201300620,  71335607
180,  1.709386049,  200302017,  70890047
181,  1.714236648,  202570979,  71475947
182,  1.709547677,  201595528,  71284529
183,  1.707179883,  203894828,  71581575
184,  1.700364737,  200880473,  70284697
185,  1.713061112,  203996814,  72030793
186,  1.717741651,  206312387,  72123818
187,  1.712418492,  205522579,  72122426
188,  1.708125177,  203769031,  71548621
189,  1.713139576,  206831928,  72207255
190,  1.711644121,  205426711,  72040964
191,  1.711703384,  208279903,  72347036
192,  1.700449356,  204294033,  70953467
193,  1.708881799,  207909791,  72618385
194,  1.715981420,  211080278,  72616256
195,  1.710578845,  210432212,  72589064
196,  1.706913074,  209134732,  72001954
197,  1.709630498,  213008597,  72623784
198,  1.710283836,  211824773,  72523123
199,  1.712033396,  215720057,  72637441
200,  1.711236640,  214069817,  73250441
201,  1.710383839,  216123670,  72918356
202,  1.710211322,  215872441,  72889280
203,  1.712049948,  218953165,  72840473
204,  1.714314135,  221664681,  72888755
205,  1.713068967,  221823027,  72981843
206,  1.708886827,  220374632,  72775463
207,  1.713547049,  225368798,  73083355
208,  1.702437953,  220365193,  71998284
209,  1.713673985,  225079421,  73735972
210,  1.710219040,  224572571,  73344453
211,  1.712879946,  228424670,  73588719
212,  1.709572530,  226696186,  73011000
213,  1.715413959,  231518306,  73551880
214,  1.711544446,  229117396,  73576905
215,  1.709710712,  234889411,  73660320
216,  1.703852239,  229711406,  72371507
217,  1.715961827,  234139885,  73972960
218,  1.711001680,  233491284,  73600970
219,  1.710511653,  237139210,  73991758
220,  1.689555116,  235386618,  73379334
221,  1.690877988,  240029960,  73941691
222,  1.693973763,  238085851,  73865128
223,  1.701306435,  243217152,  73957831
224,  1.698172686,  237680264,  72509326
225,  1.717595998,  243226380,  73998491
226,  1.722243690,  248005652,  73805408
227,  1.713103909,  248551724,  73855853
228,  1.714214349,  247444455,  73340684
229,  1.715079953,  253721158,  73739675
230,  1.714481845,  251937698,  73674352
231,  1.715648230,  259888538,  73780431
232,  1.707790501,  255334427,  72383218
233,  1.718250433,  261242782,  73326539
234,  1.725828228,  266733381,  73663297
235,  1.721313782,  267267740,  73597879
236,  1.721628890,  270983751,  73149914
237,  1.726150793,  274181079,  73593721
238,  1.722729022,  272292805,  73434738
239,  1.725119175,  280199863,  73375034
240,  1.725811257,  278119680,  73872869
241,  1.727250463,  281781326,  73562687
242,  1.722025983,  283589546,  73273532
243,  1.728925139,  288721456,  73518493
244,  1.724474526,  288491993,  72944427
245,  1.731586763,  294012411,  73173511
246,  1.729973345,  294555604,  73250187
247,  1.733421049,  300279985,  73112408
248,  1.724252273,  297171390,  72114606
249,  1.734908519,  302994278,  73177569
250,  1.731969650,  304377970,  73151729
251,  1.735039612,  308581305,  73161307
252,  1.730115417,  308898420,  72576919
253,  1.735805986,  315102439,  73104562
254,  1.737281779,  315219397,  73047992
255,  1.739202638,  320408036,  72793885
256,  1.728888850,  317097066,  71872608
257,  1.742674645,  325370955,  73173207
258,  1.744227514,  327497993,  72885553
259,  1.747853305,  334161536,  72794465
260,  1.744101789,  336501324,  72395811
261,  1.749617814,  344516475,  72729251
262,  1.749234950,  344261810,  72578949
263,  1.753220419,  352680595,  72431286
264,  1.745436108,  352325743,  71610327
265,  1.757959284,  360289874,  72585889
266,  1.761412388,  364762050,  72422613
267,  1.760592475,  369569386,  72175938
268,  1.746179212,  372171298,  71952548
269,  1.758575690,  379781663,  72238258
270,  1.764768718,  380903593,  72095369
271,  1.764568929,  388867987,  71855017
272,  1.748873960,  389786626,  71260465
273,  1.764275049,  397408901,  72131914
274,  1.772525243,  399001071,  71901783
275,  1.770811228,  405767068,  71782336
276,  1.776252611,  408733410,  71377012
277,  1.782781367,  415794829,  71732455
278,  1.781353492,  415600978,  71577989
279,  1.785568695,  421898289,  71294888
280,  1.778566393,  423699369,  70307931
281,  1.790330170,  430327027,  71252625
282,  1.789996534,  432969286,  71130581
283,  1.790989008,  436341290,  70904143
284,  1.786673788,  439422900,  70259578
285,  1.793952325,  445546499,  70594291
286,  1.794203195,  447939275,  70639333
287,  1.797156397,  451380852,  70413030
288,  1.790839844,  452612457,  69569135
289,  1.797922525,  454765436,  70325144
290,  1.798160520,  455333178,  70343429
291,  1.802883758,  455064485,  70431553
292,  1.797089540,  453626041,  70112594
293,  1.801684192,  455547153,  70194759
294,  1.802278748,  456252143,  70404605
295,  1.803997079,  457633923,  70270285
296,  1.793761097,  453942659,  69759615
297,  1.800882076,  454795091,  70421516
298,  1.802520163,  455765727,  70302488
299,  1.801755847,  456555470,  70335999
300,  1.797453255,  456897885,  70103838
