b,  time,  L1-dcache-load-misses,  LLC-load-misses
1,  2.356688407,  451746856,  42356066
2,  2.021858536,  288388907,  42358326
3,  1.784209232,  317650420,  42537675
4,  1.747395587,  268347943,  42358217
5,  1.706526739,  265258852,  42679914
6,  1.716384882,  244904669,  42507529
7,  1.691816199,  236706166,  42516594
8,  1.700224267,  235586252,  42519005
9,  1.632555118,  219479248,  42469725
10,  1.613851646,  210431803,  42414098
11,  1.621841392,  208146170,  42477645
12,  1.608512467,  197311136,  42386568
13,  1.603723264,  201125115,  42493267
14,  1.587411919,  196457532,  42521354
15,  1.583183947,  195826329,  42511887
16,  1.560849449,  195655201,  42419279
17,  1.629668198,  186035467,  42511020
18,  1.535246815,  187186600,  42460884
19,  1.629908224,  181880049,  42473486
20,  1.527732959,  181942436,  42446097
21,  1.654348669,  180362944,  42449720
22,  1.535268400,  182976068,  42482450
23,  1.668477877,  179059633,  42493441
24,  1.545219057,  184568750,  42488335
25,  1.627883884,  184656448,  48056710
26,  1.634319802,  175768154,  42512791
27,  1.619558193,  183126800,  47879253
28,  1.577032941,  172231113,  42563174
29,  1.617718800,  182862260,  47600337
30,  1.513137843,  175527685,  42650003
31,  1.642381153,  183293979,  47710772
32,  1.571980103,  166089668,  42559437
33,  1.616992957,  180119674,  46995534
34,  1.632876184,  176143934,  42887835
35,  1.619008769,  181586428,  47085878
36,  1.581588435,  174545364,  42956850
37,  1.619768131,  185014678,  47124575
38,  1.621304209,  178824627,  43207868
39,  1.629124238,  187826234,  47353399
40,  1.606558319,  188347701,  50063108
41,  1.620731864,  186924567,  49887502
42,  1.643473959,  184067736,  43759310
43,  1.637637053,  189706917,  50318625
44,  1.595545726,  182877850,  43991452
45,  1.644585905,  192695631,  50648106
46,  1.645180493,  186541888,  44821987
47,  1.654996719,  193467460,  51212917
48,  1.596449237,  190898078,  45783615
49,  1.639621340,  188957295,  53343407
50,  1.650535542,  185938526,  45718871
51,  1.655838654,  189706881,  53628379
52,  1.605651059,  182498944,  45551759
53,  1.661767004,  191309607,  53779005
54,  1.658485588,  184561743,  46646360
55,  1.664141547,  191438633,  53753942
56,  1.630436343,  178870566,  56012828
57,  1.663507225,  189184800,  59156017
58,  1.659726823,  183303824,  47457462
59,  1.674925860,  189966202,  59885615
60,  1.615517436,  180153697,  47490136
61,  1.684358308,  191263521,  60124030
62,  1.673745337,  182054223,  48652608
63,  1.685638526,  191631984,  60056370
64,  1.594905073,  175216648,  46418919
65,  1.678093439,  187705467,  61076012
66,  1.669493155,  185446243,  60366581
67,  1.685202045,  188396890,  61326504
68,  1.658678160,  183077461,  59162332
69,  1.685762799,  189375655,  60984421
70,  1.667100684,  184716104,  60223108
71,  1.688238922,  189991438,  61085492
72,  1.673261988,  186218079,  60705386
73,  1.676738021,  185350608,  60277470
74,  1.665240326,  183602432,  59646910
75,  1.680752160,  186045441,  60192693
76,  1.653930177,  181597138,  58469845
77,  1.685456403,  187252930,  60310574
78,  1.669903594,  183063291,  59884142
79,  1.691823718,  187828872,  60437312
80,  1.686808267,  185427928,  61924527
81,  1.688119891,  184605784,  61389177
82,  1.679663290,  183099600,  60891042
83,  1.694041967,  185340579,  61350483
84,  1.669214215,  181319857,  59746005
85,  1.696673112,  186568795,  61358039
86,  1.683022549,  182651670,  61059551
87,  1.698983560,  186974564,  61316817
88,  1.699173097,  185291611,  64046834
89,  1.700272593,  184734671,  63450162
90,  1.692730115,  183255797,  62988586
91,  1.706691637,  185434926,  63487030
92,  1.685654746,  181696382,  62039170
93,  1.712444829,  186531884,  63711098
94,  1.697857413,  182866440,  63189212
95,  1.714660863,  186930638,  63825563
96,  1.711075742,  185017624,  65003463
97,  1.711780897,  184371039,  64534277
98,  1.705646676,  183137700,  64093429
99,  1.715758819,  185079940,  64464831
100,  1.695972891,  181918462,  63213653
101,  1.714955707,  186192169,  64356261
102,  1.713085996,  183040533,  65103004
103,  1.713790596,  186427596,  64180613
104,  1.715644323,  185274106,  66255236
105,  1.715342541,  184338328,  65657293
106,  1.708165622,  183366498,  65288262
107,  1.716841709,  184898581,  65591361
108,  1.698446973,  182063438,  64312069
109,  1.712001903,  185929803,  65231864
110,  1.706059092,  183061446,  65292800
111,  1.711892904,  186334911,  65154854
112,  1.690368663,  180316814,  64838106
113,  1.717404014,  185506276,  67872319
114,  1.710826729,  184230104,  67278352
115,  1.727663880,  186050602,  67670815
116,  1.703199237,  183003424,  66531429
117,  1.716342623,  187000972,  67414170
118,  1.709715081,  184105994,  67420183
119,  1.716800776,  187622921,  67616738
120,  1.716677718,  185591323,  68871904
121,  1.716166048,  185576815,  68534181
122,  1.712133855,  184401858,  68274522
123,  1.716601767,  186184055,  68616333
124,  1.703732346,  183300956,  67635641
125,  1.716618080,  187127168,  68342556
126,  1.709097993,  184389498,  68092788
127,  1.716072682,  187665517,  68124160
128,  1.690695721,  180569393,  65622293
129,  1.711868941,  185076889,  67758358
130,  1.707393428,  184075424,  67482438
131,  1.710227420,  185906093,  67231431
132,  1.701358668,  183338175,  66821342
133,  1.711873122,  187042745,  67269506
134,  1.705978189,  184482245,  67504918
135,  1.712629641,  187893236,  67331760
136,  1.692654032,  182422110,  66334659
137,  1.712826715,  186575268,  68311058
138,  1.707887312,  185698357,  67973032
139,  1.712834056,  187442744,  68069726
140,  1.701079780,  185043714,  67322131
141,  1.711779266,  188684168,  67725044
142,  1.705664548,  186316975,  67808866
143,  1.712935417,  189736507,  67766799
144,  1.711223002,  187817024,  68785781
145,  1.710575220,  187923287,  68545957
146,  1.709396341,  187121958,  68385283
147,  1.712711525,  189231535,  68421664
148,  1.702463301,  186731835,  67705732
149,  1.711232104,  190052047,  68296292
150,  1.707361456,  187858301,  68477015
151,  1.709956226,  190975635,  68593460
152,  1.703723904,  189326983,  69492630
153,  1.712397490,  189671617,  69179637
154,  1.715432017,  190137565,  69010628
155,  1.712816286,  190698053,  69318262
156,  1.703561321,  188501040,  68544322
157,  1.711229790,  192407109,  69227698
158,  1.714117485,  191137627,  69282680
159,  1.710373002,  193104918,  69437210
160,  1.694497550,  187840218,  68241707
161,  1.711836033,  192068419,  70330887
162,  1.711490475,  191342216,  70244126
163,  1.711798543,  193924649,  70415592
164,  1.704993011,  191712353,  69719583
165,  1.711447088,  195736797,  70575660
166,  1.707687592,  193446583,  70297844
167,  1.711677468,  197215756,  70577956
168,  1.712258455,  195385287,  71066847
169,  1.712583350,  196530250,  70648057
170,  1.709637058,  195963392,  70490764
171,  1.712742137,  198255091,  70857360
172,  1.704139645,  196292203,  69980176
173,  1.711939475,  199587689,  70850634
174,  1.711125392,  198614148,  71085037
175,  1.713072955,  201237330,  71002596
176,  1.711224811,  199614696,  71539090
177,  1.711034875,  200183323,  71232638
178,  1.710699051,  199711404,  71178046
179,  1.711410542,  201335766,  71302146
180,  1.705155112,  200341360,  70868572
181,  1.709705837,  202596806,  71422550
182,  1.707596763,  201601888,  71232182
183,  1.709485319,  203965005,  71577168
184,  1.698710880,  200912496,  70231237
185,  1.710431208,  204047312,  71998997
186,  1.716819206,  206407284,  72097064
187,  1.710565509,  205479333,  72084198
188,  1.704554061,  203828668,  71441155
189,  1.709501207,  206862011,  72171558
190,  1.708060686,  205429851,  71980700
191,  1.708637355,  208327057,  72326325
192,  1.698105147,  204283338,  70951879
193,  1.708948596,  207835077,  72540873
194,  1.715907166,  211068135,  72612733
195,  1.709887521,  210477973,  72556155
196,  1.704355984,  209171249,  71976656
197,  1.707428374,  212991499,  72583551
198,  1.707301767,  211818661,  72501025
199,  1.709296129,  215699329,  72612050
200,  1.709874349,  214041274,  73236213
201,  1.709844857,  216154572,  72859195
202,  1.708229862,  215904362,  72853641
203,  1.708176106,  218939017,  72779649
204,  1.710319479,  221683627,  72877775
205,  1.709547917,  221870216,  73002645
206,  1.708101774,  220404843,  72738881
207,  1.711433500,  225400699,  73074646
208,  1.698426805,  220367760,  71979381
209,  1.712139918,  225047325,  73678810
210,  1.710164555,  224613471,  73347911
211,  1.710600292,  228438082,  73578678
212,  1.706797898,  226686926,  73018420
213,  1.710012305,  231493270,  73529694
214,  1.708864618,  229064240,  73524858
215,  1.713977911,  234967571,  73678092
216,  1.701159929,  229740382,  72321823
217,  1.712453986,  234132672,  73905290
218,  1.710542563,  233462665,  73563103
219,  1.714309417,  237169246,  73984763
220,  1.708366687,  235336587,  73365789
221,  1.712119934,  240052824,  73904464
222,  1.711358109,  238074328,  73825728
223,  1.713012795,  243177997,  73936283
224,  1.704056753,  237685286,  72510114
225,  1.714652786,  243246390,  73973062
226,  1.719747964,  247975702,  73798214
227,  1.716050456,  248557368,  73842733
228,  1.710354671,  247398008,  73295731
229,  1.716651193,  253700070,  73717328
230,  1.713735262,  251938551,  73638690
231,  1.717313162,  259963990,  73780878
232,  1.707115914,  255351352,  72355751
233,  1.714934332,  261257925,  73326550
234,  1.731918554,  266718569,  73661970
235,  1.719840625,  267333002,  73593482
236,  1.720026279,  270960727,  73124542
237,  1.721854833,  274127167,  73586719
238,  1.721259801,  272274293,  73412528
239,  1.722644373,  280154266,  73368844
240,  1.724069496,  278139707,  73861671
241,  1.725312468,  281758811,  73548899
242,  1.724324890,  283557122,  73246360
243,  1.727228986,  288679968,  73480490
244,  1.722810041,  288525152,  72926277
245,  1.730217879,  294061468,  73150169
246,  1.728064436,  294590289,  73238199
247,  1.731277264,  300588971,  73128531
248,  1.721050296,  297158292,  72084182
249,  1.730665379,  303034417,  73192558
250,  1.730505498,  304453157,  73098757
251,  1.734523466,  308423365,  73195126
252,  1.728762308,  308849666,  72566203
253,  1.735980611,  315104691,  73069430
254,  1.734196463,  315260019,  72980286
255,  1.738279086,  320424368,  72769988
256,  1.727456003,  317087660,  71863661
257,  1.740901781,  325334922,  73172823
258,  1.741633562,  327386952,  72873085
259,  1.744397540,  334161923,  72781735
260,  1.740080319,  336466505,  72366648
261,  1.747813070,  344555456,  72726055
262,  1.745058812,  344241011,  72542406
263,  1.751688232,  352635028,  72400703
264,  1.741759643,  352300404,  71588793
265,  1.754975237,  360340358,  72542183
266,  1.759787407,  364813660,  72345728
267,  1.758579672,  369561651,  72149713
268,  1.757656824,  372156790,  71888779
269,  1.763598682,  379757899,  72196321
270,  1.764150784,  380859337,  72063490
271,  1.768151499,  388887761,  71804676
272,  1.759049122,  389835012,  71217869
273,  1.772081945,  397394592,  72082028
274,  1.769948107,  398985386,  71870949
275,  1.773219426,  405787955,  71712670
276,  1.773473647,  408728447,  71380517
277,  1.778852900,  415752498,  71689479
278,  1.777931226,  415616691,  71552508
279,  1.781498295,  421865809,  71260139
280,  1.773507213,  423707601,  70301127
281,  1.786273117,  430343889,  71198375
282,  1.786742806,  432948260,  71131589
283,  1.788172162,  436369656,  70859463
284,  1.785110366,  439450079,  70228251
285,  1.786512136,  445550898,  70560891
286,  1.791605818,  447929624,  70638078
287,  1.796495706,  451399187,  70381711
288,  1.787342480,  452608322,  69533544
289,  1.797486940,  454783575,  70306080
290,  1.794942899,  455362922,  70286675
291,  1.797296578,  455070725,  70389099
292,  1.793612250,  453665691,  70086115
293,  1.795830483,  455543987,  70141666
294,  1.799018215,  456301358,  70397635
295,  1.797057814,  457684390,  70243775
296,  1.788380627,  453973118,  69745880
297,  1.797323091,  454822891,  70391386
298,  1.797330780,  455781746,  70275547
299,  1.798168133,  456600329,  70312479
300,  1.792246697,  456913192,  70060442
