b,  time,  L1-dcache-load-misses,  LLC-load-misses
1,  2.346864722,  451828390,  42368190
2,  2.024752996,  288457801,  42371705
3,  1.779532675,  317757947,  42545781
4,  1.746434297,  268424776,  42372294
5,  1.705229278,  265330066,  42690178
6,  1.717746119,  244957030,  42523107
7,  1.691081597,  236802517,  42527508
8,  1.694779749,  235654798,  42526256
9,  1.630934676,  219570134,  42482049
10,  1.606867024,  210504115,  42421871
11,  1.621045424,  208229965,  42483768
12,  1.603968444,  197395598,  42402418
13,  1.601364413,  201214083,  42501316
14,  1.587066707,  196536828,  42535042
15,  1.575955561,  195919554,  42519379
16,  1.561759536,  195735473,  42434069
17,  1.630567392,  186107311,  42517564
18,  1.523788776,  187264913,  42472807
19,  1.606736002,  181925741,  42476573
20,  1.529553578,  182073225,  42464878
21,  1.655182383,  180441741,  42454407
22,  1.536362174,  183043418,  42496783
23,  1.626069513,  179145025,  42502171
24,  1.537214615,  184645866,  42505461
25,  1.624701001,  184412907,  48011239
26,  1.627202262,  175834515,  42528014
27,  1.620565545,  183223009,  47870462
28,  1.570771228,  172298456,  42571918
29,  1.601345258,  182938156,  47587572
30,  1.621327898,  175621201,  42667255
31,  1.643822577,  183412756,  47717383
32,  1.564941480,  166172505,  42570928
33,  1.615758349,  180245542,  46990772
34,  1.632487000,  176234814,  42897361
35,  1.615447459,  181687500,  47086901
36,  1.582636516,  174619288,  42982174
37,  1.614908920,  185125754,  47117856
38,  1.623474270,  178898753,  43245414
39,  1.620457361,  187943045,  47353171
40,  1.609177640,  188449437,  50093956
41,  1.622613999,  187027968,  49864329
42,  1.642489888,  184157240,  43801298
43,  1.633371721,  189780634,  50338825
44,  1.594855703,  182954249,  43970498
45,  1.643651050,  192804867,  50636452
46,  1.644699779,  186617558,  44820559
47,  1.655428864,  193547919,  51178717
48,  1.588253037,  190981223,  45776425
49,  1.640404263,  189047942,  53300136
50,  1.644528314,  186015097,  45695370
51,  1.656538650,  189792568,  53553532
52,  1.606350723,  182585342,  45548477
53,  1.663483555,  191398887,  53754612
54,  1.645507697,  184630943,  46594592
55,  1.664923004,  191514035,  53742458
56,  1.628158233,  178937598,  55974639
57,  1.664398255,  189271169,  59155742
58,  1.657860694,  183351602,  47390655
59,  1.677461178,  190055808,  59860668
60,  1.615405830,  180232122,  47458414
61,  1.678772942,  191327783,  60085981
62,  1.672904829,  182140679,  48645939
63,  1.686399375,  191715796,  60033054
64,  1.590453114,  175305358,  46386655
65,  1.679812641,  187783633,  61110313
66,  1.671486574,  185524346,  60326762
67,  1.677588515,  188474012,  61308767
68,  1.660049200,  183153743,  59131931
69,  1.685020112,  189461778,  60950968
70,  1.665477177,  184768544,  60157605
71,  1.689149249,  190071109,  61047997
72,  1.673588780,  186275655,  60640214
73,  1.676040079,  185409785,  60219542
74,  1.664854258,  183679880,  59593485
75,  1.680312942,  186147523,  60139921
76,  1.653745284,  181659691,  58438427
77,  1.682528488,  187305117,  60239731
78,  1.668817376,  183134620,  59825020
79,  1.690317095,  187897993,  60378306
80,  1.685702524,  185476000,  61836640
81,  1.686424823,  184662865,  61300385
82,  1.680136163,  183168170,  60806302
83,  1.692578054,  185403363,  61270897
84,  1.667375803,  181378816,  59656801
85,  1.693772394,  186643101,  61281230
86,  1.679162299,  182727662,  60940192
87,  1.697637360,  187058893,  61199171
88,  1.698839971,  185382782,  63940037
89,  1.700071138,  184816633,  63343475
90,  1.691708295,  183334011,  62906878
91,  1.705553330,  185489961,  63382356
92,  1.682356774,  181747531,  61909076
93,  1.707502407,  186583602,  63559783
94,  1.694909344,  182962409,  63096254
95,  1.711364151,  187012104,  63701056
96,  1.709471422,  185088370,  64905910
97,  1.709241077,  184448732,  64386287
98,  1.704177639,  183214850,  63954663
99,  1.713758586,  185122901,  64339719
100,  1.694742516,  182000000,  63073166
101,  1.712265732,  186226827,  64231653
102,  1.710433486,  183104654,  64957745
103,  1.711444341,  186501392,  64068256
104,  1.710406352,  185320506,  66045309
105,  1.717379581,  184482635,  65581618
106,  1.705387129,  183430112,  65117713
107,  1.718164799,  184937073,  65416683
108,  1.696649400,  182134855,  64182162
109,  1.709324690,  186000995,  65083766
110,  1.705131694,  183105833,  65119266
111,  1.710448024,  186395193,  64972583
112,  1.686507594,  180316832,  64635172
113,  1.715217965,  185533096,  67670409
114,  1.708676880,  184280152,  67102724
115,  1.713808892,  186064345,  67463101
116,  1.701325791,  183064961,  66416727
117,  1.712331763,  187053866,  67307027
118,  1.706086007,  184145871,  67280463
119,  1.717133473,  187922256,  67566985
120,  1.714579830,  185596324,  68755781
121,  1.715517176,  185627890,  68404463
122,  1.709293018,  184423847,  68090506
123,  1.714325966,  186248793,  68471992
124,  1.702895216,  183335855,  67473195
125,  1.713662730,  187188159,  68245451
126,  1.708894434,  184433779,  67968623
127,  1.713530156,  187730189,  68018285
128,  1.685746541,  180588368,  65475908
129,  1.712013520,  185133094,  67684564
130,  1.702772321,  184094679,  67293989
131,  1.707408452,  185895543,  67094450
132,  1.701058300,  183416277,  66663431
133,  1.708405239,  187064533,  67135711
134,  1.704378907,  184531778,  67354337
135,  1.710313811,  187800046,  67078744
136,  1.688450289,  182446713,  66150866
137,  1.711420941,  186625182,  68209455
138,  1.704863751,  185719935,  67815296
139,  1.710795669,  187477613,  67916022
140,  1.700769770,  185085629,  67160669
141,  1.710805610,  188708774,  67658723
142,  1.706423323,  186361517,  67688857
143,  1.711262426,  189789377,  67653803
144,  1.708684439,  187862729,  68658319
145,  1.711935686,  187972788,  68475183
146,  1.704970329,  187143649,  68257385
147,  1.710227575,  188968942,  68314607
148,  1.700108274,  186727982,  67570733
149,  1.706830974,  190114036,  68196550
150,  1.705431900,  187886684,  68328527
151,  1.709933556,  190971107,  68485031
152,  1.709920738,  189335282,  69331519
153,  1.709111871,  189711785,  69097896
154,  1.710438406,  190121983,  68855286
155,  1.710469757,  190714417,  69256173
156,  1.700613421,  188522130,  68398856
157,  1.710350068,  192299299,  69121835
158,  1.713603150,  191210003,  69169778
159,  1.709267959,  193136752,  69377661
160,  1.694028703,  187842785,  68101907
161,  1.712621855,  192130879,  70287595
162,  1.708338957,  191343783,  70094111
163,  1.712474211,  194083508,  70383012
164,  1.705101109,  191735568,  69609947
165,  1.708761727,  195763764,  70521984
166,  1.707192050,  193720642,  70845694
167,  1.708578931,  197264634,  70488927
168,  1.709634450,  195377662,  70974333
169,  1.709478177,  196555792,  70575173
170,  1.706813924,  195970819,  70397065
171,  1.711281480,  198293569,  70801393
172,  1.703329968,  196275422,  69889968
173,  1.710688584,  199653129,  70823972
174,  1.710291160,  198206935,  70503532
175,  1.711791956,  201276119,  70931756
176,  1.710327654,  199662337,  71510580
177,  1.710108121,  200199748,  71183801
178,  1.708769179,  199711587,  71118615
179,  1.710215323,  201366890,  71286106
180,  1.702225871,  200362631,  70794952
181,  1.706837987,  202610558,  71379837
182,  1.708348272,  201645112,  71187995
183,  1.708505474,  203972622,  71548401
184,  1.698434036,  200933352,  70204056
185,  1.710474890,  204023740,  71991618
186,  1.714714066,  206322393,  72044176
187,  1.708815887,  205553749,  72100403
188,  1.703521368,  203834385,  71373695
189,  1.708510088,  206878275,  72163119
190,  1.706909484,  205460995,  71960063
191,  1.706749681,  208337646,  72309211
192,  1.698224073,  204300119,  70873420
193,  1.708466996,  207893131,  72527164
194,  1.714218193,  211038672,  72565275
195,  1.709558722,  210484112,  72531988
196,  1.704175545,  209186627,  71908678
197,  1.708443321,  213043078,  72577028
198,  1.707945153,  211868775,  72466494
199,  1.707125419,  215723945,  72586984
200,  1.709768109,  214110721,  73178967
201,  1.707420581,  216181560,  72845728
202,  1.706716692,  215913183,  72831486
203,  1.708623862,  218988101,  72798052
204,  1.710348888,  221705770,  72810247
205,  1.709040797,  221921463,  72957881
206,  1.709842231,  220366108,  72709888
207,  1.712464987,  225379622,  73088056
208,  1.701649526,  220403688,  71944043
209,  1.713095997,  225141227,  73682195
210,  1.711290125,  224594403,  73308667
211,  1.713367772,  228470717,  73589847
212,  1.709009890,  226673684,  72987258
213,  1.714807362,  231518095,  73506115
214,  1.712154964,  229075555,  73533054
215,  1.714437436,  234954342,  73667422
216,  1.703302762,  229772032,  72321939
217,  1.713371413,  234198953,  73904776
218,  1.711586344,  233493886,  73512920
219,  1.714384253,  237119229,  74003363
220,  1.710290943,  235338689,  73354395
221,  1.715862549,  240031492,  73933299
222,  1.712874156,  238096680,  73829385
223,  1.715436721,  243074805,  73957510
224,  1.704469772,  237692417,  72496877
225,  1.715174217,  243282176,  73969470
226,  1.722086393,  248015694,  73762494
227,  1.716805547,  248560000,  73843315
228,  1.711994073,  247446353,  73300305
229,  1.718473316,  253730930,  73735940
230,  1.716026105,  251902261,  73655909
231,  1.720767757,  259947897,  73802194
232,  1.708321650,  255420232,  72359429
233,  1.716475238,  261281783,  73313846
234,  1.725876562,  266764674,  73665812
235,  1.721463334,  267339457,  73599007
236,  1.722986016,  271057413,  73134107
237,  1.725134496,  274226191,  73599870
238,  1.722355247,  272296528,  73433819
239,  1.726215180,  280220581,  73383385
240,  1.724852561,  278107388,  73850032
241,  1.727610644,  281847425,  73525383
242,  1.725301086,  283564619,  73275356
243,  1.728573243,  288692740,  73486833
244,  1.724601683,  288579811,  72941509
245,  1.730564265,  294048924,  73166190
246,  1.730431877,  294590009,  73235536
247,  1.733108317,  300366814,  73148241
248,  1.723278153,  297207642,  72065634
249,  1.732731507,  303088080,  73198046
250,  1.731908594,  304437954,  73111490
251,  1.735749338,  308615885,  73157863
252,  1.731724544,  308929568,  72585927
253,  1.736881780,  315173611,  73122476
254,  1.738237679,  315160673,  73064283
255,  1.740531326,  320474842,  72789430
256,  1.729359496,  317141566,  71875702
257,  1.742060949,  325348072,  73181317
258,  1.741067199,  327420970,  72866573
259,  1.745435447,  334216922,  72782210
260,  1.743961658,  336582223,  72426291
261,  1.750326592,  344558926,  72733762
262,  1.748617764,  344330802,  72556413
263,  1.752426674,  352704459,  72410120
264,  1.744711284,  352395279,  71598259
265,  1.758314186,  360379548,  72556327
266,  1.761708320,  364887627,  72392033
267,  1.762429954,  369570186,  72161287
268,  1.759411622,  372240320,  71924355
269,  1.765915823,  379791763,  72204264
270,  1.765887403,  380971827,  72076193
271,  1.769615367,  388944168,  71854334
272,  1.760247698,  389923919,  71193141
273,  1.773605589,  397491117,  72083031
274,  1.771452450,  399078319,  71900360
275,  1.776556809,  405883069,  71745359
276,  1.774268027,  408778461,  71374405
277,  1.780479778,  415849533,  71687219
278,  1.780824017,  415705275,  71567501
279,  1.783298705,  421951106,  71272637
280,  1.775722070,  423804494,  70282372
281,  1.787567350,  430413009,  71189326
282,  1.789778874,  433071652,  71102838
283,  1.788789905,  436463575,  70877401
284,  1.782032662,  439507960,  70228291
285,  1.791608770,  445626647,  70575049
286,  1.789847030,  447999003,  70610351
287,  1.794478827,  451500934,  70375318
288,  1.784466486,  452709408,  69527480
289,  1.794367310,  454846843,  70304687
290,  1.795259512,  455454578,  70322973
291,  1.795958209,  455146108,  70403103
292,  1.791322833,  453719399,  70066054
293,  1.795424238,  455630498,  70148184
294,  1.795618827,  456360966,  70391301
295,  1.796290138,  457773969,  70244139
296,  1.787565314,  454038679,  69744425
297,  1.797912014,  454891470,  70444659
298,  1.797347526,  455864531,  70290603
299,  1.796873537,  456662564,  70311340
300,  1.792442476,  456997126,  70082420
