b,  time,  L1-dcache-load-misses,  LLC-load-misses
1,  2.357329073,  451758803,  42385160
2,  2.026127039,  288407782,  42383240
3,  1.785778428,  317668833,  42554372
4,  1.748515579,  268316130,  42387061
5,  1.706903450,  265257954,  42703318
6,  1.718657578,  244915521,  42526166
7,  1.697017821,  236716705,  42541720
8,  1.700596464,  235629080,  42530703
9,  1.633600242,  219503097,  42488866
10,  1.614986855,  210473109,  42428728
11,  1.622572807,  208160636,  42489130
12,  1.612804743,  197331881,  42411574
13,  1.607987170,  201175363,  42512468
14,  1.590611886,  196485385,  42538675
15,  1.584916607,  195860452,  42527099
16,  1.564157997,  195736318,  42440363
17,  1.632240080,  186039064,  42527306
18,  1.542488368,  187202522,  42480190
19,  1.631746997,  181875374,  42483977
20,  1.531512702,  181963316,  42464588
21,  1.659749085,  180405926,  42466516
22,  1.539405885,  182976185,  42500573
23,  1.670433771,  179073993,  42510519
24,  1.551078787,  184591692,  42511181
25,  1.627928151,  184364134,  48017787
26,  1.638629791,  175776023,  42538220
27,  1.626825305,  183150917,  47890698
28,  1.579762698,  172230435,  42580628
29,  1.622239230,  182926428,  47616464
30,  1.622925702,  175565262,  42681660
31,  1.646898367,  183343471,  47735440
32,  1.579214707,  166100057,  42582811
33,  1.617036147,  180130795,  47020031
34,  1.634500494,  176167803,  42892507
35,  1.627253883,  181653872,  47136936
36,  1.584673298,  174546154,  42972567
37,  1.625960189,  185119859,  47140836
38,  1.627310864,  178843334,  43245084
39,  1.632443323,  187869180,  47377734
40,  1.582078198,  188373669,  50094297
41,  1.626530325,  186988597,  49896707
42,  1.646663904,  184075542,  43782817
43,  1.634203741,  189734677,  50340611
44,  1.597678580,  182911746,  44004245
45,  1.644951619,  192746819,  50697753
46,  1.651713113,  186594921,  44862577
47,  1.659760537,  193497990,  51225553
48,  1.602630983,  190915199,  45813756
49,  1.647078222,  189002796,  53359939
50,  1.651374388,  185961448,  45720820
51,  1.662317431,  189727568,  53625413
52,  1.609669289,  182538671,  45596074
53,  1.666080440,  191328381,  53762869
54,  1.660619055,  184593716,  46639626
55,  1.669933387,  191456246,  53768968
56,  1.636001143,  178874127,  56029751
57,  1.670807842,  189228986,  59232998
58,  1.661458167,  183283879,  47433191
59,  1.681249948,  190011053,  59950707
60,  1.619422685,  180182571,  47465154
61,  1.685536044,  191278578,  60159442
62,  1.676756120,  182080069,  48638751
63,  1.689011942,  191673669,  60088929
64,  1.596587249,  175249693,  46390482
65,  1.684554375,  187754387,  61185460
66,  1.671536576,  185463864,  60394612
67,  1.688441430,  188420898,  61398811
68,  1.662850405,  183100559,  59251405
69,  1.686778325,  189401292,  61043581
70,  1.669209168,  184734197,  60259683
71,  1.694200262,  190036847,  61158427
72,  1.676422602,  186223296,  60732716
73,  1.682412808,  185357794,  60365334
74,  1.667844378,  183625214,  59678737
75,  1.684365983,  186332870,  60287613
76,  1.658044663,  181614719,  58553321
77,  1.687506522,  187265777,  60347717
78,  1.673818612,  183085742,  59921374
79,  1.696986280,  187862349,  60461904
80,  1.689468216,  185419333,  61916498
81,  1.693617229,  184636118,  61457288
82,  1.680784982,  183120187,  60894023
83,  1.695383336,  185355583,  61393359
84,  1.673945791,  181341411,  59791079
85,  1.699186741,  186584711,  61415650
86,  1.687579941,  182670523,  61073427
87,  1.704299538,  187015177,  61338973
88,  1.702691072,  185306714,  64032713
89,  1.707675733,  184767686,  63492489
90,  1.694583742,  183281939,  63008554
91,  1.709201481,  185438237,  63517314
92,  1.688304207,  181703142,  62050129
93,  1.712342044,  186531832,  63680819
94,  1.700976581,  182904939,  63210726
95,  1.718771155,  186993512,  63807845
96,  1.713150665,  185031438,  64994686
97,  1.713649632,  184406657,  64506044
98,  1.707655930,  183160370,  64101053
99,  1.717720061,  185089097,  64462813
100,  1.699788334,  181961463,  63206423
101,  1.712702445,  186195530,  64341391
102,  1.707322430,  183067079,  65153842
103,  1.716914099,  186465705,  64189591
104,  1.717342614,  185276282,  66228875
105,  1.722375329,  184402267,  65717547
106,  1.711224376,  183384500,  65291472
107,  1.720691045,  184929741,  65597096
108,  1.704443304,  182088839,  64343579
109,  1.714161302,  185921285,  65209030
110,  1.711076765,  183057509,  65308945
111,  1.713599921,  186336577,  65158809
112,  1.692017912,  180297549,  64806500
113,  1.720767015,  185507606,  67869192
114,  1.711536592,  184230326,  67223417
115,  1.719501494,  186041589,  67645780
116,  1.709044546,  183016139,  66517423
117,  1.719299652,  187026905,  67441769
118,  1.713991420,  184134073,  67411421
119,  1.718054289,  187650259,  67600415
120,  1.717865824,  185572552,  68876684
121,  1.719952027,  185602712,  68566760
122,  1.711328258,  184391371,  68206255
123,  1.719779584,  186229312,  68632970
124,  1.706210745,  183326061,  67626562
125,  1.719015309,  187157721,  68361845
126,  1.715311158,  184412847,  68101287
127,  1.720752145,  187703286,  68164761
128,  1.692809074,  180550289,  65615225
129,  1.718522809,  185124161,  67840513
130,  1.709847922,  184094668,  67434038
131,  1.714807102,  185917994,  67296707
132,  1.702526657,  183399197,  66795971
133,  1.712500464,  187043959,  67261789
134,  1.709478859,  184503640,  67479788
135,  1.715444818,  187770247,  67185166
136,  1.696102412,  182413109,  66293803
137,  1.718964731,  186589541,  68304390
138,  1.711045890,  185707169,  67974404
139,  1.717706366,  187459709,  68028583
140,  1.703278066,  185060370,  67281481
141,  1.712833846,  188693729,  67732723
142,  1.710159666,  186345459,  67818196
143,  1.713296937,  189766852,  67762510
144,  1.713802501,  187834620,  68776702
145,  1.716537758,  187964575,  68534237
146,  1.710642902,  187140041,  68376887
147,  1.717706224,  188945113,  68420084
148,  1.706125249,  186743590,  67686763
149,  1.713299496,  190104964,  68314073
150,  1.710792788,  187886710,  68466473
151,  1.712265817,  190964598,  68583014
152,  1.713729247,  189310889,  69468486
153,  1.715252309,  189707077,  69160228
154,  1.716297831,  190119524,  68983036
155,  1.716075950,  190720645,  69330422
156,  1.706088120,  188514330,  68500467
157,  1.714811808,  192325484,  69205937
158,  1.720333299,  191173173,  69281695
159,  1.714839552,  193122633,  69455015
160,  1.696768168,  187847248,  68233663
161,  1.714451574,  192106726,  70341865
162,  1.711481292,  191330639,  70229168
163,  1.716667940,  194265872,  70501342
164,  1.706605941,  191760808,  69747388
165,  1.714079711,  195760480,  70587259
166,  1.713881768,  193487625,  70283052
167,  1.715564077,  197259123,  70583882
168,  1.717784613,  195377987,  71095185
169,  1.716477153,  196590972,  70689530
170,  1.713575736,  195999209,  70502881
171,  1.716006460,  198288103,  70875187
172,  1.708335366,  196304539,  69990802
173,  1.712942616,  199613566,  70894716
174,  1.711855724,  198635164,  71068793
175,  1.713857934,  201283441,  71029126
176,  1.715365748,  199649455,  71592320
177,  1.713089142,  200192116,  71268183
178,  1.713154646,  199742866,  71216066
179,  1.718397470,  201361977,  71342081
180,  1.708295918,  200354234,  70877611
181,  1.702202389,  202618486,  71437573
182,  1.708660365,  201631174,  71251877
183,  1.685789842,  203991785,  71593572
184,  1.703046432,  200906438,  70265079
185,  1.705569518,  204056916,  72037506
186,  1.718455568,  206373683,  72107781
187,  1.713092886,  205578206,  72137886
188,  1.709178199,  203882513,  71431458
189,  1.714982986,  206886949,  72224967
190,  1.711650661,  205433705,  72009035
191,  1.708942213,  208346525,  72362402
192,  1.702023569,  204307813,  70948587
193,  1.709675407,  207850806,  72669409
194,  1.716303921,  211108019,  72589372
195,  1.711767154,  210533004,  72579250
196,  1.707040409,  209220002,  71969253
197,  1.712610061,  213036266,  72617481
198,  1.711318740,  211857659,  72516687
199,  1.710230839,  215741787,  72636295
200,  1.714423021,  214107627,  73235427
201,  1.710887360,  216167349,  72893753
202,  1.710601302,  215932645,  72875938
203,  1.709120430,  219012108,  72847613
204,  1.713617482,  221766469,  72860373
205,  1.713677056,  221886136,  73010000
206,  1.707764299,  220421202,  72769270
207,  1.714875259,  225466536,  73102582
208,  1.704126460,  220440352,  71991974
209,  1.715207631,  225160374,  73710224
210,  1.711370025,  224591209,  73349008
211,  1.715579488,  228480104,  73591177
212,  1.709265599,  226721700,  73010377
213,  1.708292190,  231563901,  73558948
214,  1.708681618,  229117489,  73549614
215,  1.706560610,  235017698,  73656382
216,  1.706982690,  229811165,  72368489
217,  1.709392665,  234229554,  73959940
218,  1.703811683,  233464911,  73578121
219,  1.717166868,  237196611,  73996123
220,  1.708303063,  235401129,  73372510
221,  1.685586467,  240062548,  73946895
222,  1.696628685,  238123657,  73832930
223,  1.681051766,  243227612,  73972770
224,  1.685133072,  237749341,  72515031
225,  1.709295157,  243359674,  73973523
226,  1.717830893,  247985014,  73787629
227,  1.715410074,  248590046,  73873726
228,  1.713599376,  247489694,  73333419
229,  1.720780041,  253771607,  73778997
230,  1.716980100,  251934753,  73661118
231,  1.710218047,  259974812,  73835576
232,  1.711597823,  255392961,  72362715
233,  1.717829528,  261322604,  73351729
234,  1.714723612,  266791392,  73662373
235,  1.719943161,  267354412,  73618854
236,  1.718492921,  271057648,  73147129
237,  1.726727551,  274215184,  73605754
238,  1.721827744,  272332297,  73407786
239,  1.726859331,  280228975,  73374226
240,  1.728068224,  278165659,  73845829
241,  1.725871288,  281877053,  73553594
242,  1.726809424,  283580962,  73271743
243,  1.718703291,  288800625,  73503515
244,  1.724355165,  288608620,  72928525
245,  1.722245268,  294106196,  73183411
246,  1.730400292,  294592104,  73238584
247,  1.734477745,  300326926,  73139925
248,  1.717620508,  297194385,  72084053
249,  1.733525745,  303001012,  73212571
250,  1.730161127,  304494962,  73125057
251,  1.736919755,  308687198,  73150241
252,  1.733174734,  308920912,  72565455
253,  1.735673089,  315172812,  73105800
254,  1.737689153,  315268923,  73021127
255,  1.740182044,  320467052,  72798556
256,  1.720456106,  317121735,  71897042
257,  1.741733921,  325325368,  73172665
258,  1.734794326,  327457706,  72902201
259,  1.746014573,  334306915,  72803049
260,  1.743124669,  336538615,  72387592
261,  1.741459821,  344538091,  72749246
262,  1.749257269,  344332744,  72570578
263,  1.756502442,  352705682,  72459614
264,  1.744535739,  352384498,  71596716
265,  1.758148803,  360320602,  72554487
266,  1.763343942,  364784534,  72398253
267,  1.764402588,  369571868,  72193876
268,  1.748881627,  372182283,  71936241
269,  1.745511765,  379767572,  72211416
270,  1.736016689,  380916419,  72097493
271,  1.770782606,  388938395,  71839631
272,  1.748239589,  389860906,  71236624
273,  1.762677151,  397421141,  72144617
274,  1.758749666,  398985219,  71919303
275,  1.771760173,  405818325,  71782555
276,  1.763981589,  408745388,  71385600
277,  1.777587848,  415820867,  71725995
278,  1.781555532,  415635214,  71599419
279,  1.771329534,  421907282,  71292727
280,  1.771404400,  423755244,  70294009
281,  1.788080442,  430388793,  71214217
282,  1.785584694,  433015557,  71126034
283,  1.790121557,  436397704,  70901112
284,  1.704364771,  439484228,  70236626
285,  1.790785867,  445592839,  70600082
286,  1.794513164,  448003280,  70666643
287,  1.795264325,  451445738,  70404126
288,  1.791841510,  452635006,  69552731
289,  1.795781273,  454790127,  70337176
290,  1.797724803,  455383510,  70361051
291,  1.797040557,  455090651,  70437624
292,  1.795252411,  453679023,  70140090
293,  1.797456243,  455559908,  70199804
294,  1.795330429,  456305355,  70415491
295,  1.800750095,  457726911,  70266200
296,  1.789180591,  453984963,  69769281
297,  1.798754278,  454832138,  70423650
298,  1.797697594,  455790302,  70321676
299,  1.800427595,  456635582,  70347376
300,  1.795948305,  456925159,  70102416
