b,  time,  L1-dcache-load-misses,  LLC-load-misses
1,  2.358641284,  451767939,  42353192
2,  2.023959171,  288400859,  42362398
3,  1.783664792,  317655858,  42530217
4,  1.748192211,  268353168,  42364617
5,  1.707210790,  265277747,  42677187
6,  1.718426484,  244896929,  42507066
7,  1.691342002,  236726740,  42514428
8,  1.701292796,  235603404,  42517181
9,  1.635337062,  219484663,  42469443
10,  1.613068056,  210445890,  42408896
11,  1.620681385,  208147347,  42467410
12,  1.608698055,  197329380,  42391464
13,  1.603698257,  201117436,  42494119
14,  1.589833245,  196473077,  42521026
15,  1.585359519,  195834337,  42507272
16,  1.560711240,  195646852,  42420469
17,  1.630428427,  186049070,  42508828
18,  1.536443661,  187199957,  42461213
19,  1.630334714,  181861053,  42469859
20,  1.530527495,  181977702,  42449859
21,  1.655005745,  180375736,  42449020
22,  1.534142787,  182982565,  42486654
23,  1.669826410,  179074324,  42487365
24,  1.545109644,  184565420,  42491959
25,  1.624892723,  184350375,  47992611
26,  1.634993919,  175767960,  42517200
27,  1.620252307,  183136010,  47855962
28,  1.577469721,  172226292,  42557068
29,  1.615394220,  182871589,  47568058
30,  1.617072345,  175563274,  42642177
31,  1.641755283,  183256690,  47674749
32,  1.572365595,  166106361,  42551171
33,  1.616982445,  180183826,  46945753
34,  1.634218417,  176161392,  42850622
35,  1.616991650,  181598048,  47044582
36,  1.579630102,  174530820,  42929786
37,  1.620420672,  185080393,  47066832
38,  1.621598379,  178821130,  43178603
39,  1.626792131,  187818168,  47296438
40,  1.607539865,  188373293,  49998133
41,  1.621027051,  186910743,  49834440
42,  1.644715173,  184050775,  43725551
43,  1.638342815,  189685935,  50267971
44,  1.598014275,  182884703,  43949134
45,  1.644223625,  192716053,  50611269
46,  1.644121783,  186553547,  44773918
47,  1.654882581,  193460373,  51140812
48,  1.599062165,  190914694,  45724913
49,  1.641758281,  188954678,  53268856
50,  1.651020235,  185948706,  45640541
51,  1.655496760,  189716056,  53533660
52,  1.606412233,  182509128,  45527010
53,  1.662222276,  191305262,  53726289
54,  1.659371454,  184570795,  46585430
55,  1.667432518,  191431635,  53699694
56,  1.632611834,  178857841,  55962000
57,  1.662087125,  189192536,  59109955
58,  1.658263753,  183306232,  47396694
59,  1.676836797,  189974038,  59846194
60,  1.617356482,  180159957,  47443368
61,  1.683950896,  191238499,  60063974
62,  1.674744882,  182071541,  48624075
63,  1.686723576,  191638147,  59967220
64,  1.594549314,  175231344,  46369526
65,  1.679441485,  187705552,  61031000
66,  1.670322547,  185439042,  60288051
67,  1.686592545,  188384989,  61231129
68,  1.658451844,  183071749,  59108655
69,  1.682734080,  189375191,  60881093
70,  1.666874477,  184687775,  60120542
71,  1.688973431,  189991575,  61001380
72,  1.672447069,  186213685,  60620282
73,  1.677260459,  185327482,  60191445
74,  1.665605151,  183605237,  59544297
75,  1.683126333,  186087239,  60114945
76,  1.652769624,  181571773,  58387448
77,  1.684642576,  187240790,  60194243
78,  1.669431245,  183085958,  59795604
79,  1.688767457,  187828162,  60334151
80,  1.685436791,  185401214,  61802310
81,  1.688483622,  184590987,  61313785
82,  1.681265741,  183077531,  60788491
83,  1.693174090,  185332042,  61219130
84,  1.668015833,  181313650,  59633703
85,  1.695130997,  186558305,  61242074
86,  1.680900560,  182648385,  60931783
87,  1.698558266,  186983142,  61169316
88,  1.699195897,  185279014,  63896031
89,  1.699276637,  184724725,  63280977
90,  1.692193839,  183252232,  62873655
91,  1.705809387,  185427617,  63352811
92,  1.682768949,  181690859,  61898115
93,  1.706536600,  186517386,  63542858
94,  1.696164896,  182887225,  63073000
95,  1.712492915,  186935728,  63665915
96,  1.709967523,  185026568,  64860727
97,  1.710870344,  184363467,  64349677
98,  1.704822448,  183156358,  63950435
99,  1.715292305,  185065051,  64321111
100,  1.693677981,  181899367,  63053633
101,  1.701319086,  186161902,  64192067
102,  1.713259483,  183049012,  64983263
103,  1.710487030,  186418566,  64029067
104,  1.714592597,  185257283,  66081771
105,  1.711859000,  184332669,  65546875
106,  1.708829441,  183363401,  65108653
107,  1.710504166,  184875044,  65435849
108,  1.683174911,  182044544,  64161084
109,  1.710623934,  185914325,  65079157
110,  1.685898824,  183049672,  65118410
111,  1.705439019,  186325253,  65012674
112,  1.674419055,  180260668,  64644554
113,  1.711941728,  185462279,  67687280
114,  1.710860890,  184190935,  67060781
115,  1.717153450,  186008338,  67504487
116,  1.697722828,  182969980,  66330470
117,  1.714616118,  186964645,  67256990
118,  1.698303294,  184102348,  67246310
119,  1.713166483,  187846656,  67557462
120,  1.714793352,  185539151,  68767028
121,  1.709209272,  185530706,  68372262
122,  1.708439496,  184322175,  68042240
123,  1.717757612,  186164973,  68459315
124,  1.700222636,  183257226,  67509344
125,  1.715427815,  187103193,  68213886
126,  1.705069319,  184347715,  67921201
127,  1.714435252,  187655599,  67989983
128,  1.683006140,  180507892,  65414054
129,  1.709715985,  185054368,  67637052
130,  1.700383115,  184048033,  67263547
131,  1.710133725,  185867651,  67072779
132,  1.698971209,  183316413,  66617293
133,  1.711421102,  187323351,  67162074
134,  1.701996864,  184461216,  67320323
135,  1.711950054,  187708144,  67027337
136,  1.691117330,  182378305,  66137919
137,  1.699704774,  186526424,  68147978
138,  1.704885039,  185642843,  67782623
139,  1.704341514,  187417072,  67904652
140,  1.700615068,  185005531,  67114156
141,  1.707324694,  188652494,  67622341
142,  1.706310549,  186286886,  67670010
143,  1.712304681,  189706015,  67653018
144,  1.711723586,  187776796,  68652933
145,  1.708581439,  187895056,  68372233
146,  1.705708189,  187076000,  68238170
147,  1.712985508,  188896769,  68293264
148,  1.699445455,  186669474,  67529425
149,  1.708842824,  190046842,  68165560
150,  1.704657323,  187780735,  68242205
151,  1.714288173,  190920237,  68505465
152,  1.710783312,  189258651,  69271477
153,  1.711181141,  189618538,  69018334
154,  1.711364676,  190067990,  68813366
155,  1.711842803,  190644464,  69189967
156,  1.698581880,  188450362,  68349997
157,  1.709194420,  192512171,  69228684
158,  1.712552590,  191120722,  69152070
159,  1.710610047,  193085734,  69341289
160,  1.695209490,  187780282,  68094812
161,  1.712411894,  192323720,  70242455
162,  1.709907111,  191267947,  70069924
163,  1.710229960,  193910991,  70327867
164,  1.701130819,  191679924,  69578913
165,  1.709150240,  195690775,  70434592
166,  1.705730801,  193425262,  70144337
167,  1.710094876,  197181726,  70438469
168,  1.712675397,  195302961,  70942781
169,  1.710820495,  196476268,  70530202
170,  1.708539748,  195918617,  70380188
171,  1.712077544,  197923317,  70627598
172,  1.704594780,  196245109,  69864361
173,  1.709799769,  199561722,  70782497
174,  1.707454800,  198156931,  70467512
175,  1.709238403,  201192748,  70891525
176,  1.706459812,  199607513,  71479475
177,  1.710893776,  200118364,  71143474
178,  1.704593167,  199659428,  71101411
179,  1.710582168,  201293018,  71220783
180,  1.701182193,  200306682,  70750018
181,  1.709680529,  202544649,  71330544
182,  1.700604279,  201548543,  71125443
183,  1.706392472,  203929826,  71488271
184,  1.686394073,  200837345,  70139174
185,  1.705010787,  203986195,  71936283
186,  1.713531710,  206277905,  72001202
187,  1.705847082,  205484504,  72013446
188,  1.704223091,  203789038,  71319033
189,  1.706451454,  206817911,  72105281
190,  1.708457132,  205385750,  71949531
191,  1.704995672,  208293631,  72283319
192,  1.697781665,  204236407,  70857568
193,  1.709666653,  207812637,  72529329
194,  1.686975225,  211000996,  72533881
195,  1.691351788,  210429826,  72495075
196,  1.703622154,  209116350,  71889554
197,  1.696266090,  212942162,  72548729
198,  1.710294802,  211831853,  72473280
199,  1.703803072,  215670344,  72572749
200,  1.689112875,  214049338,  73135948
201,  1.694879344,  216126389,  72815462
202,  1.692153855,  215829775,  72817038
203,  1.691804578,  218905297,  72767154
204,  1.710942873,  221680086,  72794667
205,  1.710149691,  221833912,  72931183
206,  1.709499746,  220421437,  72699393
207,  1.706918608,  225413458,  73050284
208,  1.699723732,  220351730,  71919538
209,  1.709324798,  225035347,  73638128
210,  1.700997885,  224520978,  73299554
211,  1.712357855,  228350315,  73562811
212,  1.703520212,  226647243,  72950050
213,  1.710876902,  231481286,  73474316
214,  1.711534078,  229085783,  73515104
215,  1.710056345,  234943542,  73655627
216,  1.703993849,  229707969,  72292044
217,  1.712921662,  234174874,  73905398
218,  1.706801415,  233436260,  73497195
219,  1.714252197,  237128960,  73922544
220,  1.708052883,  235343628,  73307883
221,  1.714017309,  240031185,  73874848
222,  1.710128905,  238048034,  73772458
223,  1.705697511,  243154456,  73887065
224,  1.696382231,  237624601,  72456417
225,  1.715136410,  243230262,  73944013
226,  1.716766494,  247932003,  73721392
227,  1.711450586,  248518513,  73824496
228,  1.685936715,  247426005,  73286334
229,  1.694836137,  253639151,  73701147
230,  1.701836444,  251873143,  73587961
231,  1.716762258,  259887578,  73726338
232,  1.705545916,  255315748,  72308603
233,  1.711787296,  261268489,  73304297
234,  1.722669141,  266717658,  73622230
235,  1.721138709,  267301236,  73561883
236,  1.720227367,  271001839,  73061365
237,  1.721080127,  274116185,  73562466
238,  1.717791339,  272122217,  73455028
239,  1.722047891,  280153193,  73307715
240,  1.723415682,  278132424,  73805791
241,  1.724493534,  281796519,  73527594
242,  1.722079940,  283519301,  73243156
243,  1.726172620,  288673633,  73461456
244,  1.722271499,  288525817,  72894648
245,  1.728901753,  294062764,  73140435
246,  1.728776447,  294560275,  73219590
247,  1.730801930,  300312689,  73100503
248,  1.722194957,  297155115,  72050727
249,  1.729104798,  302945715,  73158528
250,  1.728629626,  304413166,  73082637
251,  1.733830207,  308598827,  73122330
252,  1.727803383,  308864073,  72527570
253,  1.734839208,  315082362,  73050030
254,  1.734722340,  315248862,  72977858
255,  1.737819926,  320411855,  72772402
256,  1.728420665,  317073336,  71844617
257,  1.739048201,  325282471,  73113109
258,  1.742738794,  327454112,  72842076
259,  1.745424227,  334164454,  72770554
260,  1.738209228,  336497592,  72351323
261,  1.748490253,  344505919,  72710143
262,  1.747849189,  343564917,  72562155
263,  1.749733311,  352652007,  72380191
264,  1.729772332,  352288252,  71556285
265,  1.755389396,  360318389,  72531932
266,  1.759585885,  364766584,  72369381
267,  1.759102548,  369504891,  72186734
268,  1.755501501,  372140525,  71900276
269,  1.763703209,  379753039,  72181106
270,  1.762325688,  380883277,  72062049
271,  1.766328766,  388904620,  71840506
272,  1.758702995,  389852678,  71203101
273,  1.772984688,  397398804,  72083572
274,  1.768701691,  398891977,  71906176
275,  1.772835460,  405784159,  71741618
276,  1.772988263,  408736858,  71358001
277,  1.779900265,  415764345,  71717654
278,  1.779167673,  415625854,  71568243
279,  1.782668545,  421872523,  71253017
280,  1.776607616,  423754079,  70298182
281,  1.786691510,  430354681,  71197757
282,  1.789563554,  433019988,  71114163
283,  1.789360065,  436366452,  70878798
284,  1.785942564,  439469294,  70249236
285,  1.792134375,  445572367,  70600853
286,  1.790697241,  447963817,  70647268
287,  1.798268242,  451431422,  70400562
288,  1.786448257,  452631307,  69531014
289,  1.794384681,  454797000,  70318865
290,  1.795862112,  455393239,  70338909
291,  1.796191895,  455079336,  70431107
292,  1.791742111,  453686589,  70112128
293,  1.797195234,  455572066,  70183292
294,  1.797035517,  456297749,  70420738
295,  1.795163005,  457684896,  70270468
296,  1.788422432,  453990581,  69760802
297,  1.794982020,  454809110,  70406219
298,  1.797347577,  455804572,  70277682
299,  1.796807665,  456589154,  70315842
300,  1.786416629,  456915383,  70086157
