b,  time,  L1-dcache-load-misses,  LLC-load-misses
1,  2.358220239,  451716316,  42359800
2,  2.021634903,  288349794,  42363052
3,  1.783447426,  317643166,  42536066
4,  1.745826580,  268381063,  42364400
5,  1.702469171,  265248613,  42685551
6,  1.715157233,  244872253,  42516715
7,  1.689116669,  236705557,  42522292
8,  1.698317254,  235576575,  42515774
9,  1.633359189,  219462399,  42473739
10,  1.612487193,  210394785,  42413826
11,  1.622596001,  208103088,  42479406
12,  1.609296324,  197281686,  42395371
13,  1.604130770,  201096148,  42495816
14,  1.590015153,  196428700,  42529145
15,  1.584157758,  195815459,  42512523
16,  1.559202565,  195624736,  42426848
17,  1.630300831,  186026390,  42516901
18,  1.534993579,  187154946,  42467012
19,  1.629234801,  181841665,  42472864
20,  1.530423662,  181926949,  42451876
21,  1.655509327,  180351183,  42456428
22,  1.535255354,  182929418,  42489983
23,  1.668656846,  179058663,  42497052
24,  1.545061875,  184532664,  42496156
25,  1.625870753,  184318072,  48009100
26,  1.635245496,  175734401,  42526036
27,  1.620626472,  183096774,  47880872
28,  1.577442494,  172207048,  42569726
29,  1.616916177,  182894902,  47597220
30,  1.619909533,  175513417,  42668311
31,  1.643749418,  183307507,  47745840
32,  1.573673622,  166041260,  42569030
33,  1.615009339,  180166262,  47025951
34,  1.634837011,  176128797,  42887572
35,  1.619775593,  181645627,  47138220
36,  1.581468149,  174492635,  42966915
37,  1.619820451,  185000992,  47143816
38,  1.623059855,  178798804,  43232832
39,  1.629122917,  187787520,  47373014
40,  1.607845795,  188339910,  50082215
41,  1.622141152,  186902186,  49904490
42,  1.642966035,  184042737,  43770763
43,  1.638097162,  189677272,  50344863
44,  1.597037354,  182860683,  43998701
45,  1.645207811,  192665071,  50659943
46,  1.644434425,  186543471,  44838535
47,  1.655035881,  193431780,  51210112
48,  1.597873070,  190877561,  45763610
49,  1.642653098,  188941829,  53322616
50,  1.650068552,  185906672,  45702747
51,  1.656036806,  189667676,  53598166
52,  1.607175901,  182474894,  45561050
53,  1.661947376,  191273585,  53752650
54,  1.658656534,  184537769,  46632961
55,  1.667011353,  191415817,  53758555
56,  1.631842468,  178833090,  56002576
57,  1.665827351,  189196804,  59180368
58,  1.659047857,  183251805,  47406951
59,  1.675756779,  189949268,  59843238
60,  1.617236187,  180137314,  47499350
61,  1.684097971,  191228958,  60092708
62,  1.674464883,  182027042,  48645793
63,  1.687533078,  191613607,  60016672
64,  1.593792701,  175178098,  46389933
65,  1.679789424,  187689867,  61103723
66,  1.667538145,  185435831,  60293331
67,  1.685583282,  188360206,  61289017
68,  1.659237492,  183070221,  59133517
69,  1.684346781,  189361814,  60932080
70,  1.667822903,  184682063,  60165939
71,  1.689216326,  189979805,  61041353
72,  1.672277089,  186183035,  60652711
73,  1.676404390,  185300539,  60262212
74,  1.665950815,  183570876,  59578688
75,  1.681624739,  186019464,  60193362
76,  1.656422928,  181574638,  58459362
77,  1.684146999,  187231850,  60260554
78,  1.668169957,  183042667,  59831133
79,  1.690800326,  187798942,  60395927
80,  1.685019495,  185369253,  61857380
81,  1.688947768,  184600888,  61409913
82,  1.680261369,  183125589,  60854296
83,  1.692998478,  185300308,  61306051
84,  1.670529416,  181298522,  59729977
85,  1.696098473,  186543013,  61336062
86,  1.682153034,  182625826,  61042093
87,  1.699942896,  186969052,  61286695
88,  1.698641335,  185269864,  64001208
89,  1.700972401,  184713532,  63439719
90,  1.693977885,  183256403,  63001243
91,  1.706222155,  185399214,  63481172
92,  1.686619489,  181676824,  62025042
93,  1.709256458,  186497074,  63666461
94,  1.696632756,  182858976,  63183392
95,  1.715227840,  186913307,  63797972
96,  1.709684116,  185004631,  65014790
97,  1.711767799,  184345645,  64463929
98,  1.705294834,  183129612,  64092802
99,  1.715103624,  185046988,  64466879
100,  1.693515124,  181886131,  63186062
101,  1.713562550,  186148372,  64357804
102,  1.712225072,  183023028,  65109123
103,  1.714261827,  186406270,  64198067
104,  1.713277184,  185229386,  66199257
105,  1.715379395,  184305490,  65705897
106,  1.710040898,  183342623,  65328901
107,  1.716791070,  184868591,  65610687
108,  1.700482217,  182044017,  64328548
109,  1.710419766,  185914134,  65232406
110,  1.705925491,  183010947,  65285203
111,  1.713171553,  186311526,  65195047
112,  1.689045836,  180260345,  64810228
113,  1.717483742,  185451436,  67885252
114,  1.710977114,  184215729,  67259233
115,  1.716137167,  186002539,  67690903
116,  1.703243075,  182995940,  66552888
117,  1.715158105,  186993952,  67484747
118,  1.710298351,  184090107,  67447765
119,  1.719123653,  187833106,  67746254
120,  1.715420776,  185535931,  68932869
121,  1.716220420,  185577844,  68591795
122,  1.710927886,  184355222,  68275631
123,  1.716720810,  186175392,  68630959
124,  1.705491688,  183285408,  67639555
125,  1.716083019,  187099100,  68370930
126,  1.709984260,  184370488,  68141158
127,  1.717500310,  187648417,  68177190
128,  1.689881999,  180515224,  65671984
129,  1.712428390,  185064816,  67840652
130,  1.705552148,  184060640,  67462839
131,  1.709327233,  185859535,  67237323
132,  1.701337871,  183339857,  66863905
133,  1.709881485,  187035126,  67311311
134,  1.707063853,  184466539,  67569982
135,  1.712817743,  187757631,  67220545
136,  1.691426744,  182390061,  66348516
137,  1.713895671,  186546178,  68351481
138,  1.707209151,  185676965,  68017530
139,  1.713658688,  187410780,  68092915
140,  1.702145784,  185031959,  67385524
141,  1.711138611,  188666078,  67794967
142,  1.706176519,  186311191,  67866914
143,  1.714263296,  189738629,  67818903
144,  1.710679159,  187799736,  68807802
145,  1.711983461,  187924840,  68601000
146,  1.669618959,  187092253,  68422054
147,  1.711636023,  188904100,  68456005
148,  1.703075218,  186683203,  67724055
149,  1.709728703,  190037339,  68327858
150,  1.706717312,  187830762,  68468643
151,  1.711356397,  190928195,  68602783
152,  1.710981080,  189281387,  69487495
153,  1.708891678,  189613262,  69240231
154,  1.714031683,  190079385,  68976057
155,  1.712254825,  190641467,  69350260
156,  1.704134377,  188475309,  68539513
157,  1.710697865,  192371531,  69220290
158,  1.713077550,  191132029,  69282003
159,  1.711188476,  193083396,  69491397
160,  1.695117055,  187804619,  68231909
161,  1.800818758,  190499387,  70153568
162,  1.734786690,  191153437,  70309536
163,  1.712738354,  193880461,  70470828
164,  1.705838713,  191702280,  69768133
165,  1.711008585,  195699860,  70590118
166,  1.709747261,  193433129,  70333344
167,  1.711798949,  197201217,  70612161
168,  1.711850760,  195333734,  71133437
169,  1.712812565,  196505976,  70656972
170,  1.709649259,  195940421,  70510789
171,  1.712666215,  198212380,  70887423
172,  1.706796126,  196273487,  70043363
173,  1.710080504,  199564441,  70908888
174,  1.709253138,  198163794,  70624335
175,  1.712014038,  201217025,  71040322
176,  1.711946839,  199621549,  71604991
177,  1.713103894,  200161405,  71274408
178,  1.709367859,  199670414,  71206008
179,  1.711425154,  201323022,  71350905
180,  1.705245222,  200311365,  70888721
181,  1.709544692,  202552860,  71449533
182,  1.709306157,  201569151,  71287183
183,  1.708347445,  203924164,  71624851
184,  1.698363493,  200847725,  70258937
185,  1.711770748,  203998759,  72050235
186,  1.714531944,  206290314,  72098175
187,  1.710428313,  205493207,  72147400
188,  1.704681474,  203817828,  71468010
189,  1.708059603,  206809487,  72222808
190,  1.709112102,  205411878,  72029309
191,  1.708719761,  208279770,  72396691
192,  1.697976957,  204256528,  70972908
193,  1.711813845,  207857140,  72641274
194,  1.714712405,  211037483,  72636664
195,  1.709389753,  210433186,  72589564
196,  1.704300137,  209147553,  71992345
197,  1.708455886,  212980518,  72611239
198,  1.709654313,  211817874,  72539136
199,  1.708103511,  215663427,  72657004
200,  1.710077878,  214075663,  73246668
201,  1.711204045,  216154314,  72935827
202,  1.708095891,  215862667,  72908036
203,  1.710314293,  218962506,  72874835
204,  1.712329407,  221671804,  72867888
205,  1.709314135,  221839388,  73048781
206,  1.709314345,  220399126,  72813416
207,  1.710607267,  225368557,  73149171
208,  1.699316762,  220340248,  72009899
209,  1.712082891,  225102010,  73738182
210,  1.710515469,  224512410,  73385362
211,  1.711744568,  228391347,  73655184
212,  1.706884015,  226613273,  73041924
213,  1.712280176,  231504181,  73535315
214,  1.711078247,  229053849,  73595283
215,  1.712640282,  234899376,  73729113
216,  1.701464073,  229773896,  72345036
217,  1.713036677,  234163759,  73971550
218,  1.710340417,  233489153,  73604979
219,  1.713835289,  237139672,  74015196
220,  1.707365027,  235303139,  73375400
221,  1.713129771,  240017242,  73941613
222,  1.712864782,  238092617,  73868117
223,  1.713401147,  243207317,  73983900
224,  1.702704730,  237673152,  72501713
225,  1.713705523,  243254062,  74013706
226,  1.718684989,  247973623,  73798611
227,  1.714857850,  248534924,  73873882
228,  1.709608499,  247418059,  73343025
229,  1.715713753,  253682174,  73766135
230,  1.715118129,  251910569,  73677026
231,  1.717219923,  259908540,  73801696
232,  1.706220225,  255377892,  72390470
233,  1.714920979,  261307773,  73358834
234,  1.721877158,  266732711,  73674930
235,  1.720653464,  267306344,  73644659
236,  1.718687644,  270933674,  73157738
237,  1.721037933,  274105156,  73620448
238,  1.721415113,  272302700,  73462139
239,  1.723297152,  280142199,  73400931
240,  1.722890865,  278058824,  73890055
241,  1.725146076,  281784122,  73589709
242,  1.723668979,  283495735,  73298456
243,  1.728340833,  288656654,  73513359
244,  1.722466633,  288484363,  72964850
245,  1.728801244,  294023560,  73206922
246,  1.727898397,  294568585,  73287852
247,  1.729419916,  300122677,  73199721
248,  1.720305925,  297110485,  72115197
249,  1.730347969,  303031148,  73220954
250,  1.729963803,  304409559,  73123807
251,  1.734735203,  308568693,  73178330
252,  1.728501479,  308850424,  72618090
253,  1.734672470,  315057241,  73138237
254,  1.735353472,  315221789,  73034978
255,  1.737639345,  320384115,  72831092
256,  1.728291989,  317065040,  71904610
257,  1.739926441,  325265683,  73201306
258,  1.739468597,  327285657,  72913044
259,  1.743911443,  334149963,  72791502
260,  1.739868537,  336428988,  72393727
261,  1.746975700,  344506067,  72760645
262,  1.744988530,  344279314,  72592926
263,  1.749841207,  352639695,  72426531
264,  1.741267774,  352221930,  71589210
265,  1.752131609,  360268529,  72560088
266,  1.758237069,  364748469,  72408155
267,  1.758143501,  369496513,  72175535
268,  1.754854249,  372145951,  71935964
269,  1.763435189,  379755378,  72200910
270,  1.762099045,  380882261,  72068507
271,  1.766790375,  388817063,  71847837
272,  1.758019900,  389870050,  71221791
273,  1.769300135,  397359019,  72079336
274,  1.770309503,  398967706,  71898444
275,  1.772033911,  405748453,  71759655
276,  1.771718588,  408690330,  71386454
277,  1.778666814,  415759569,  71699595
278,  1.776061329,  415598286,  71559387
279,  1.780793297,  421870326,  71273728
280,  1.773016117,  423698022,  70298883
281,  1.784300233,  430298153,  71191827
282,  1.787697314,  432980499,  71123573
283,  1.786634072,  436334645,  70868024
284,  1.784020128,  439417969,  70220193
285,  1.789325120,  445516851,  70578801
286,  1.790766919,  447913248,  70620587
287,  1.794087068,  451408767,  70365317
288,  1.785228569,  452575846,  69535328
289,  1.794580164,  454751696,  70298138
290,  1.793029976,  455337199,  70300107
291,  1.795594974,  455043849,  70403053
292,  1.791449412,  453629467,  70110322
293,  1.794963117,  455540998,  70159945
294,  1.796032852,  456263387,  70391440
295,  1.795738424,  457652162,  70231538
296,  1.787393526,  453925559,  69750368
297,  1.797111852,  454786511,  70398326
298,  1.795465051,  455754358,  70282321
299,  1.795622537,  456548559,  70291187
300,  1.792080027,  456903132,  70072000
