b,  time,  L1-dcache-load-misses,  LLC-load-misses
1,  275.696966824,  6370228694,  274643196
2,  55.270726760,  1606179627,  95894709
3,  1.781641182,  317628980,  42548800
4,  1.746912044,  268308436,  42369445
5,  1.704048829,  265230219,  42690775
6,  1.716693179,  244867578,  42518475
7,  1.690415161,  236673415,  42526536
8,  1.698752151,  235574314,  42517228
9,  1.632799698,  219448617,  42476295
10,  1.610181683,  210430116,  42415086
11,  1.619237644,  208134671,  42485337
12,  1.608291546,  197318378,  42396037
13,  1.603236980,  201133203,  42502274
14,  1.587598911,  196459113,  42532305
15,  1.582732775,  195839011,  42522558
16,  1.558598917,  195651213,  42426037
17,  1.628923702,  186016359,  42515758
18,  1.534762146,  187186319,  42465966
19,  1.630140550,  181832956,  42476021
20,  1.527608205,  181942403,  42456132
21,  1.654792602,  180355351,  42454530
22,  1.534321174,  182952986,  42487709
23,  1.667417238,  179048133,  42499541
24,  1.543978182,  184554989,  42493704
25,  1.626316372,  184330509,  48010892
26,  1.633739294,  175742921,  42520076
27,  1.621230901,  183154044,  47874306
28,  1.574389729,  172205957,  42568942
29,  1.615004082,  182893355,  47592531
30,  1.618879194,  175523617,  42648284
31,  1.644622243,  183241997,  47694943
32,  1.572542110,  166087184,  42551419
33,  1.613075654,  180172592,  46968025
34,  1.631764142,  176148198,  42859379
35,  1.617944813,  181609771,  47072414
36,  1.574711985,  174529231,  42944497
37,  1.619229015,  185059644,  47096085
38,  1.622187653,  178807639,  43200536
39,  1.630489713,  187853417,  47339531
40,  1.607650911,  188372976,  50064508
41,  1.622113842,  186902514,  49864853
42,  1.642960334,  184049442,  43757836
43,  1.638307415,  189695483,  50296466
44,  1.594318977,  182871770,  43947636
45,  1.644882417,  192707037,  50641275
46,  1.644480745,  186529744,  44802978
47,  1.655185130,  193472832,  51201466
48,  1.597801996,  190885246,  45772827
49,  1.641568930,  188972098,  53327625
50,  1.648771861,  185921712,  45691698
51,  1.653096497,  189684754,  53588572
52,  1.605075238,  182486690,  45538044
53,  1.664015212,  191315543,  53780923
54,  1.655305174,  184551426,  46608064
55,  1.664976888,  191441144,  53757325
56,  1.632150330,  178840913,  55961392
57,  1.664709776,  189179798,  59195053
58,  1.658048585,  183260464,  47429932
59,  1.675611950,  189945941,  59833031
60,  1.614720197,  180139016,  47439402
61,  1.683383981,  191244706,  60074484
62,  1.670647649,  182049755,  48599125
63,  1.686656938,  191614645,  59986852
64,  1.593743226,  175197000,  46391510
65,  1.679498458,  187706776,  61065508
66,  1.668413741,  185431257,  60294364
67,  1.683968359,  188374061,  61265689
68,  1.655994162,  183047227,  59104126
69,  1.685465113,  189402640,  60927656
70,  1.667280078,  184673011,  60128948
71,  1.688315560,  189988532,  61048110
72,  1.671037331,  186186892,  60598669
73,  1.674767255,  185305170,  60208006
74,  1.662073003,  183585960,  59552429
75,  1.681150142,  186028687,  60148725
76,  1.652768918,  181551946,  58393589
77,  1.683090296,  187241899,  60201666
78,  1.667049752,  183053844,  59786016
79,  1.689941376,  187819942,  60343534
80,  1.683641508,  185397983,  61797120
81,  1.684449319,  184576234,  61287360
82,  1.675478573,  183080984,  60754490
83,  1.690898716,  185326969,  61238027
84,  1.666099415,  181283159,  59635290
85,  1.693407261,  186535470,  61257881
86,  1.679066875,  182635541,  60913877
87,  1.696382266,  186975114,  61218154
88,  1.695613750,  185281383,  63884770
89,  1.695725824,  184707121,  63301974
90,  1.689839821,  183251133,  62877329
91,  1.704841336,  185412568,  63361410
92,  1.681614255,  181662384,  61857601
93,  1.707075521,  186497782,  63532027
94,  1.694460480,  182865998,  63057719
95,  1.711260682,  186913668,  63659677
96,  1.686965680,  184988079,  64877820
97,  1.705828111,  184342082,  64335500
98,  1.701172263,  183121993,  63956973
99,  1.711601412,  185053979,  64310742
100,  1.692304663,  181890512,  63052011
101,  1.710088535,  186135996,  64191242
102,  1.709919450,  183027817,  64970890
103,  1.711680070,  186408693,  64094557
104,  1.709740404,  185251889,  66068405
105,  1.710636136,  184301055,  65538036
106,  1.703613605,  183347045,  65120580
107,  1.712320891,  184880150,  65443844
108,  1.695245510,  182037135,  64171477
109,  1.707549485,  185906789,  65098631
110,  1.703518207,  183024490,  65129783
111,  1.708912973,  186309974,  65034049
112,  1.686840519,  180249683,  64663479
113,  1.714639459,  185434684,  67723674
114,  1.707260623,  184177100,  67089538
115,  1.712915423,  186021814,  67532757
116,  1.697941737,  182958104,  66379189
117,  1.710977004,  186973791,  67289712
118,  1.707915376,  184073688,  67317464
119,  1.713989779,  187604489,  67488161
120,  1.712517719,  185516490,  68733996
121,  1.714150946,  185552139,  68420958
122,  1.704488335,  184310536,  68056516
123,  1.711236930,  186159565,  68495131
124,  1.700183857,  183247075,  67488162
125,  1.704159135,  187111841,  68240315
126,  1.704465937,  184337639,  67959462
127,  1.706893434,  187645248,  68036416
128,  1.687084057,  180508926,  65514253
129,  1.708312195,  185039229,  67665910
130,  1.701587943,  184040497,  67332756
131,  1.705001686,  185856958,  67085455
132,  1.695631531,  183277966,  66675112
133,  1.707257035,  187007075,  67148969
134,  1.701714256,  184447237,  67377491
135,  1.708228829,  187708826,  67075714
136,  1.688627382,  182346294,  66197833
137,  1.709185883,  186502972,  68180526
138,  1.704788788,  185624663,  67866372
139,  1.710848245,  187414815,  67929093
140,  1.697828390,  184993452,  67190905
141,  1.708973432,  188650455,  67645408
142,  1.701953109,  186257848,  67713566
143,  1.709142756,  189699621,  67685404
144,  1.703897945,  187781983,  68657219
145,  1.708678756,  187892919,  68412334
146,  1.704491612,  187071253,  68257998
147,  1.710168102,  188893566,  68313956
148,  1.699644250,  186656125,  67574796
149,  1.704790190,  190026966,  68198112
150,  1.704695574,  187784043,  68303486
151,  1.707507929,  190914066,  68476270
152,  1.707906274,  189245634,  69356453
153,  1.702340297,  189635144,  69072164
154,  1.710659742,  190030861,  68861342
155,  1.708936577,  190588598,  69176772
156,  1.697587589,  188423088,  68392739
157,  1.707688188,  192223748,  69079443
158,  1.706554305,  191079672,  69146216
159,  1.682322656,  193050274,  69329151
160,  1.670988692,  187759622,  68127008
161,  1.682465406,  191995753,  70243629
162,  1.694615450,  191233422,  70118484
163,  1.695925581,  194150410,  70390567
164,  1.695899107,  191643098,  69609364
165,  1.703242054,  195658864,  70486835
166,  1.696165953,  193643301,  70896733
167,  1.701736631,  197159382,  70473145
168,  1.708400971,  195290405,  70993759
169,  1.697611356,  196463383,  70583256
170,  1.688391877,  195852685,  70412666
171,  1.710312247,  197889613,  70695026
172,  1.701968998,  196214049,  69896169
173,  1.703193145,  199529287,  70838266
174,  1.707464637,  198091451,  70520737
175,  1.704667491,  201167651,  70953473
176,  1.709108229,  199547330,  71488545
177,  1.697479714,  200129823,  71174861
178,  1.701429244,  199624544,  71114736
179,  1.706488081,  201256353,  71236381
180,  1.697167667,  200247558,  70790704
181,  1.706379079,  202517699,  71364771
182,  1.705950742,  201541133,  71161115
183,  1.706993593,  203885823,  71537065
184,  1.692685209,  200790962,  70173651
185,  1.706842970,  203923393,  71965236
186,  1.707260751,  206214719,  72035123
187,  1.707178989,  205441587,  72101927
188,  1.697801798,  203749343,  71389409
189,  1.706679246,  206805211,  72159991
190,  1.706014269,  205343384,  71960908
191,  1.703849068,  208218851,  72326544
192,  1.697024853,  204202926,  70891074
193,  1.705373472,  207798465,  72546723
194,  1.712275269,  210947627,  72555816
195,  1.705336686,  210392894,  72538399
196,  1.692189008,  209064467,  71937905
197,  1.706363686,  212939452,  72570053
198,  1.698619181,  211766704,  72477115
199,  1.707826195,  215637545,  72600552
200,  1.709047219,  213999775,  73200853
201,  1.708949749,  216134423,  72862484
202,  1.707468875,  215810586,  72821634
203,  1.707675416,  218887279,  72808143
204,  1.709586279,  221573727,  72821536
205,  1.707709414,  221755376,  72985283
206,  1.704597639,  220307809,  72733445
207,  1.702245528,  225343005,  73089533
208,  1.691985085,  220282638,  71952510
209,  1.711350779,  225018036,  73692196
210,  1.707902892,  224454579,  73327283
211,  1.709315555,  228321077,  73594352
212,  1.696171332,  226617690,  72998471
213,  1.710657590,  231467978,  73539200
214,  1.698248717,  229026654,  73530724
215,  1.708035916,  234853794,  73681232
216,  1.688821167,  229651202,  72337089
217,  1.710142548,  234115997,  73943804
218,  1.709778970,  233369352,  73562196
219,  1.710879393,  237062671,  73958278
220,  1.705907545,  235235013,  73354018
221,  1.711979395,  239949415,  73930339
222,  1.709073333,  237974874,  73810502
223,  1.711702649,  243127504,  73952085
224,  1.699012651,  237608186,  72457105
225,  1.710161802,  243252856,  73944519
226,  1.717993329,  247923846,  73766780
227,  1.711561816,  248467980,  73873180
228,  1.708261771,  247305662,  73293307
229,  1.715508724,  253630590,  73714119
230,  1.713170834,  251851198,  73613774
231,  1.717919876,  259878280,  73803109
232,  1.706010736,  255294549,  72356768
233,  1.712829897,  261237442,  73326613
234,  1.722085873,  266667210,  73643639
235,  1.716836422,  267281508,  73602746
236,  1.716430546,  270898005,  73154021
237,  1.720533427,  274058957,  73615367
238,  1.718094265,  272206918,  73402882
239,  1.723472305,  280164618,  73376459
240,  1.721521870,  278061072,  73833841
241,  1.724392597,  281750483,  73539537
242,  1.721504070,  283486714,  73248630
243,  1.723138846,  288611204,  73504775
244,  1.719513640,  288483482,  72915281
245,  1.726926644,  294030437,  73179715
246,  1.726576360,  294519133,  73240682
247,  1.728389296,  300633285,  73160793
248,  1.718123628,  297095940,  72074425
249,  1.729716529,  302986395,  73186141
250,  1.729243530,  304390323,  73100546
251,  1.733692821,  308556915,  73165397
252,  1.727906596,  308855982,  72537657
253,  1.734501863,  315041431,  73097809
254,  1.734041802,  315189788,  73017687
255,  1.736702347,  320369415,  72787346
256,  1.724593314,  317018787,  71845228
257,  1.737838388,  325204481,  73174961
258,  1.737591889,  327356742,  72863972
259,  1.740518131,  334148242,  72781224
260,  1.739247512,  336423716,  72360433
261,  1.745499994,  344478360,  72743570
262,  1.744082158,  344247736,  72547244
263,  1.751424409,  352632234,  72428336
264,  1.740672493,  352253703,  71557820
265,  1.753620478,  359893843,  72523733
266,  1.759894516,  364753809,  72391112
267,  1.758535206,  369498444,  72175965
268,  1.756313587,  372122439,  71916540
269,  1.763978924,  379729194,  72199162
270,  1.761916815,  380865952,  72055481
271,  1.765003736,  388844503,  71829107
272,  1.756531934,  389809487,  71221040
273,  1.769285533,  397358210,  72090524
274,  1.768063616,  398971639,  71872204
275,  1.770854157,  405788009,  71757804
276,  1.769383855,  408676026,  71339240
277,  1.776957677,  415787245,  71690495
278,  1.776702310,  415611190,  71567579
279,  1.779703325,  421862397,  71276298
280,  1.771762239,  423695417,  70267026
281,  1.783079616,  430345794,  71183711
282,  1.785867396,  432956462,  71109478
283,  1.787755892,  436360477,  70878947
284,  1.782968723,  439426813,  70206829
285,  1.789287959,  445548317,  70563269
286,  1.791055414,  447936849,  70602361
287,  1.794647441,  451405713,  70385401
288,  1.786169146,  452616614,  69519696
289,  1.794740149,  454774133,  70285420
290,  1.794331153,  455341574,  70300260
291,  1.794493340,  455068228,  70396606
292,  1.791567232,  453652995,  70077028
293,  1.796028023,  455547729,  70168085
294,  1.796869283,  456262568,  70366174
295,  1.796183452,  457675824,  70227742
296,  1.789397349,  453967187,  69728091
297,  1.794551347,  454796579,  70397823
298,  1.795203657,  455765010,  70260989
299,  1.795026738,  456565901,  70285187
300,  1.791409955,  456882942,  70034733
