b,  time,  L1-dcache-load-misses,  LLC-load-misses
1,  2.357893146,  451777239,  42366961
2,  2.021972863,  288425023,  42371216
3,  1.782593431,  317695373,  42543093
4,  1.746278620,  268400394,  42375487
5,  1.703498654,  265263067,  42690392
6,  1.714298113,  244922115,  42515992
7,  1.688817779,  236746317,  42526470
8,  1.698085519,  235627458,  42525443
9,  1.632627262,  219491070,  42479541
10,  1.611916867,  210470957,  42418523
11,  1.623443528,  208163917,  42479857
12,  1.607300928,  197347452,  42399170
13,  1.602529532,  201159049,  42500053
14,  1.588045200,  196503063,  42532877
15,  1.583694376,  195872129,  42518313
16,  1.562658570,  195676512,  42435412
17,  1.627574306,  186052749,  42517870
18,  1.534991740,  187222588,  42469936
19,  1.629651966,  181891062,  42475191
20,  1.530421961,  181992652,  42457228
21,  1.653630158,  180392771,  42455331
22,  1.534055591,  183002609,  42493463
23,  1.668164817,  179111112,  42494158
24,  1.545523053,  184600428,  42507008
25,  1.625588762,  184376941,  48009781
26,  1.633607538,  175789450,  42532945
27,  1.621220288,  183167863,  47872480
28,  1.577925407,  172239572,  42572276
29,  1.618089785,  182948936,  47597191
30,  1.620514965,  175582773,  42672029
31,  1.641780374,  183284855,  47707961
32,  1.572009168,  166114096,  42571739
33,  1.615508494,  180201810,  46980088
34,  1.634663928,  176191394,  42908836
35,  1.617573598,  181645363,  47086043
36,  1.579186937,  174550579,  42975445
37,  1.619146167,  185079280,  47096644
38,  1.623462177,  178863673,  43238909
39,  1.629974025,  187862374,  47327147
40,  1.610086585,  188415679,  50091418
41,  1.619180443,  186992132,  49860802
42,  1.640983776,  184092012,  43779286
43,  1.638018104,  189728711,  50299997
44,  1.596017136,  182901818,  43978088
45,  1.648156726,  193566653,  50666414
46,  1.643236963,  186580077,  44818703
47,  1.653424308,  193495102,  51183677
48,  1.595967774,  190929775,  45799674
49,  1.640851145,  189017589,  53306404
50,  1.645984772,  185977554,  45682812
51,  1.642140391,  189739462,  53583534
52,  1.581372379,  182527410,  45580257
53,  1.649235784,  191334718,  53741518
54,  1.656767838,  184597643,  46581143
55,  1.665189173,  191472414,  53756776
56,  1.633774026,  178906504,  55998322
57,  1.664007603,  189235098,  59190477
58,  1.651707354,  183312406,  47421710
59,  1.676482307,  190015119,  59855551
60,  1.615076501,  180185082,  47437948
61,  1.683659945,  191286141,  60092427
62,  1.674403809,  182119421,  48629678
63,  1.687404020,  191665981,  60038725
64,  1.591605271,  175274030,  46372790
65,  1.678391438,  187761330,  61111305
66,  1.669667517,  185471724,  60336479
67,  1.684396722,  188423986,  61288111
68,  1.658458786,  183105143,  59135298
69,  1.683614839,  189420306,  60925620
70,  1.667746089,  184725648,  60174021
71,  1.689487221,  190032248,  61083368
72,  1.671739495,  186238011,  60621020
73,  1.675109983,  185377686,  60258616
74,  1.662464526,  183631186,  59614755
75,  1.681533395,  186078278,  60183724
76,  1.654236035,  181605918,  58445555
77,  1.682937230,  187270637,  60241952
78,  1.669567987,  183113148,  59852846
79,  1.683151363,  187843964,  60356217
80,  1.682915157,  185425073,  61846686
81,  1.686705425,  184638547,  61325673
82,  1.677448911,  183114419,  60833508
83,  1.692906724,  185356225,  61272019
84,  1.670236451,  181341784,  59692723
85,  1.693155128,  186592008,  61283751
86,  1.679269495,  182681256,  60986574
87,  1.690381780,  187017904,  61210511
88,  1.694689374,  185316829,  63902757
89,  1.700109206,  184766876,  63336472
90,  1.686207145,  183287915,  62899888
91,  1.704358519,  185444709,  63384784
92,  1.684300943,  181720603,  61924604
93,  1.703855893,  186527878,  63551766
94,  1.694785427,  182904558,  63111205
95,  1.711411401,  186946871,  63693081
96,  1.701446092,  185041526,  64915614
97,  1.709048698,  184404330,  64368860
98,  1.697830946,  183183367,  63989037
99,  1.712124995,  185084683,  64331989
100,  1.690391988,  181957529,  63057569
101,  1.709030734,  186205847,  64186568
102,  1.707463701,  183069283,  65017765
103,  1.711005959,  186453758,  64035807
104,  1.706052290,  185248015,  66070205
105,  1.709706946,  184383067,  65516718
106,  1.695610690,  183380845,  65119419
107,  1.690329798,  184915601,  65440011
108,  1.688277839,  182089448,  64178775
109,  1.707923391,  185948723,  65050559
110,  1.705598656,  183066427,  65136014
111,  1.697277113,  186351171,  65011110
112,  1.652574609,  180269565,  64651409
113,  1.713535319,  185490814,  67686685
114,  1.707147978,  184227593,  67080679
115,  1.706728368,  186032234,  67468666
116,  1.680303448,  183002756,  66407362
117,  1.706809584,  187007218,  67292085
118,  1.705704497,  184124841,  67278098
119,  1.713861706,  187640362,  67446165
120,  1.713478731,  185548998,  68740791
121,  1.708229983,  185580739,  68344283
122,  1.707411293,  184371354,  68076097
123,  1.709819138,  186199371,  68451726
124,  1.700270500,  183270748,  67481046
125,  1.712464716,  187137989,  68210176
126,  1.705823388,  184383726,  67953579
127,  1.713653558,  187688817,  68023383
128,  1.686070006,  180540105,  65474604
129,  1.709607395,  185096760,  67659217
130,  1.706860936,  184099738,  67323866
131,  1.706604262,  185885333,  67095621
132,  1.697657557,  183340877,  66692620
133,  1.707621682,  187028057,  67120617
134,  1.703256771,  184468973,  67365470
135,  1.709548544,  187744268,  67058736
136,  1.688093182,  182385372,  66177186
137,  1.707126639,  186548819,  68142764
138,  1.705229591,  185687753,  67823644
139,  1.711479018,  187436753,  67880115
140,  1.699035610,  185027677,  67145098
141,  1.709758974,  188690882,  67608808
142,  1.702897224,  186302821,  67688463
143,  1.710388193,  189756772,  67659969
144,  1.708673822,  187824101,  68637442
145,  1.708808346,  187898786,  68416583
146,  1.705376799,  187108301,  68239375
147,  1.708155945,  189223708,  68311876
148,  1.699887759,  186699943,  67560810
149,  1.708053091,  190341822,  68333126
150,  1.705060390,  187825407,  68318886
151,  1.710691406,  190969403,  68497804
152,  1.708252182,  189284253,  69329974
153,  1.710432010,  189663670,  69051564
154,  1.711204585,  190105403,  68875872
155,  1.710596138,  190661581,  69233349
156,  1.700946084,  188467938,  68390809
157,  1.709208716,  192277120,  69107589
158,  1.712078600,  191119520,  69164770
159,  1.708996752,  193122341,  69345850
160,  1.693973956,  187777219,  68090275
161,  1.710436832,  192068570,  70286725
162,  1.707219329,  191316500,  70116324
163,  1.708965658,  193891352,  70348178
164,  1.701624075,  191668971,  69607683
165,  1.707820794,  195699948,  70499478
166,  1.705595558,  193409697,  70144160
167,  1.711232368,  197217457,  70495010
168,  1.709804464,  195301553,  70982145
169,  1.710647474,  196497854,  70589085
170,  1.709394042,  195940734,  70401080
171,  1.710959754,  198235655,  70799060
172,  1.702471291,  196251768,  69906278
173,  1.706858778,  199566368,  70833451
174,  1.706851914,  198143148,  70508771
175,  1.710026436,  201242680,  70969374
176,  1.710026794,  199597332,  71480252
177,  1.709761613,  200154544,  71200022
178,  1.706634040,  199653621,  71088497
179,  1.709272976,  201318891,  71268578
180,  1.704031804,  200320963,  70781786
181,  1.706770624,  202557540,  71367211
182,  1.703668762,  201564028,  71134593
183,  1.707024850,  203914696,  71555236
184,  1.693392976,  200846090,  70151877
185,  1.708185667,  203982851,  71990425
186,  1.712724457,  206281798,  72031092
187,  1.708916899,  205482399,  72092489
188,  1.704425576,  203783256,  71363996
189,  1.708246776,  206855574,  72176467
190,  1.706239083,  205369251,  71935627
191,  1.707648530,  208286586,  72330073
192,  1.696791010,  204226942,  70863759
193,  1.708403631,  207858157,  72576166
194,  1.712525053,  210971260,  72498278
195,  1.707018853,  210413204,  72544016
196,  1.703012248,  209136293,  71907612
197,  1.706357990,  212985133,  72577184
198,  1.705932233,  211782722,  72450891
199,  1.708586409,  215683219,  72605925
200,  1.708410662,  214028279,  73159124
201,  1.708600497,  216138191,  72857858
202,  1.705286537,  215890899,  72827574
203,  1.706979145,  218958743,  72786644
204,  1.710240877,  221654889,  72803815
205,  1.707626214,  221814725,  72976226
206,  1.705375394,  220360919,  72719323
207,  1.709198863,  225399404,  73084136
208,  1.697344966,  220319063,  71934393
209,  1.711964412,  225081346,  73705935
210,  1.709385885,  224545349,  73294480
211,  1.708348825,  228372950,  73592318
212,  1.702348571,  226662483,  72993328
213,  1.710961882,  231502861,  73532730
214,  1.710166455,  229011794,  73521288
215,  1.710369268,  234912895,  73670518
216,  1.698033936,  229707930,  72336892
217,  1.712025778,  234108892,  73932557
218,  1.709950846,  233429500,  73529438
219,  1.712550776,  237102338,  73996020
220,  1.708318293,  235295867,  73345285
221,  1.711025313,  240015641,  73927555
222,  1.709458664,  238045244,  73814856
223,  1.711229960,  243161475,  73979542
224,  1.701860685,  237609217,  72472614
225,  1.712028540,  243262987,  73980548
226,  1.716910103,  247927338,  73761394
227,  1.713858390,  248552070,  73874793
228,  1.709960965,  247390920,  73321762
229,  1.715440734,  253683418,  73729033
230,  1.714807372,  251853328,  73661216
231,  1.716988722,  259937644,  73800466
232,  1.703525605,  255343714,  72351680
233,  1.712454205,  261236900,  73369345
234,  1.720482554,  266744230,  73637002
235,  1.717709504,  267302702,  73605853
236,  1.719681684,  270951649,  73133662
237,  1.718990436,  274115907,  73619482
238,  1.719921974,  272327951,  73413881
239,  1.721708861,  280180827,  73376265
240,  1.723839657,  278029938,  73873643
241,  1.725560257,  281792415,  73549989
242,  1.722935637,  283511378,  73261735
243,  1.725933039,  288677627,  73503640
244,  1.721171260,  288483273,  72913099
245,  1.725899260,  294087696,  73178698
246,  1.726384711,  294569445,  73259792
247,  1.729299648,  300681928,  73138632
248,  1.719286704,  297139986,  72081652
249,  1.729855840,  303051706,  73199848
250,  1.727553719,  304424815,  73083637
251,  1.733482760,  308625651,  73177684
252,  1.729231785,  308919871,  72556993
253,  1.732554960,  315107146,  73119023
254,  1.735022224,  315233158,  73010386
255,  1.738009074,  320434614,  72789575
256,  1.727335820,  317054363,  71886204
257,  1.737719249,  325310052,  73191446
258,  1.737668261,  327375260,  72880904
259,  1.743346968,  334230892,  72779269
260,  1.738355414,  336458885,  72376893
261,  1.735527977,  344477452,  72759071
262,  1.735825664,  344261691,  72537185
263,  1.732472684,  352640309,  72420654
264,  1.731617724,  352007557,  71566395
265,  1.744394232,  360311300,  72537472
266,  1.752508220,  364802603,  72394658
267,  1.754594007,  369575280,  72164276
268,  1.755305515,  372105081,  71864974
269,  1.763595261,  379787407,  72188086
270,  1.760325830,  380896059,  72057354
271,  1.766525400,  388877910,  71842006
272,  1.758327902,  389913886,  71203200
273,  1.770269706,  397462064,  72105125
274,  1.765137100,  399062967,  71882323
275,  1.768954397,  405841705,  71747957
276,  1.771755122,  408739723,  71339717
277,  1.778368058,  415800353,  71703204
278,  1.777320762,  415648169,  71560909
279,  1.772435515,  421900174,  71246884
280,  1.772741282,  423745515,  70277540
281,  1.783487746,  430360712,  71178327
282,  1.785447895,  433033846,  71104157
283,  1.787221447,  436389189,  70881185
284,  1.781843728,  439474966,  70205805
285,  1.786845434,  445598459,  70566246
286,  1.789893122,  447976547,  70612347
287,  1.794633936,  451428043,  70376734
288,  1.785350373,  452648694,  69514238
289,  1.792465135,  454807192,  70286437
290,  1.793093990,  455391065,  70298854
291,  1.794787145,  455093839,  70399188
292,  1.782083874,  453673323,  70079614
293,  1.794539350,  455586675,  70165713
294,  1.795503365,  456318731,  70398618
295,  1.784875022,  457710589,  70231834
296,  1.781812919,  453999448,  69745309
297,  1.794742998,  454857884,  70402642
298,  1.791037591,  455790685,  70251792
299,  1.797454352,  456608138,  70302885
300,  1.790401444,  456927695,  70059779
