b,  time,  L1-dcache-load-misses,  LLC-load-misses
1,  2.358131208,  451825657,  42351860
2,  2.022624726,  288482504,  42360443
3,  1.782979178,  317708677,  42527375
4,  1.747621413,  268469527,  42362489
5,  1.706660997,  265330043,  42681176
6,  1.716954351,  244983379,  42506435
7,  1.692277035,  236788034,  42516916
8,  1.700000496,  235691458,  42512067
9,  1.632946037,  219546765,  42470621
10,  1.613781885,  210543147,  42410507
11,  1.622250718,  208220098,  42474224
12,  1.609443864,  197404456,  42392678
13,  1.604634592,  201217032,  42494628
14,  1.587989735,  196524898,  42516672
15,  1.583546320,  195917914,  42510401
16,  1.562407852,  195737338,  42421650
17,  1.628836581,  186109480,  42510134
18,  1.535313238,  187260579,  42460681
19,  1.629582354,  181946346,  42467443
20,  1.528716255,  182040118,  42445897
21,  1.656038551,  180457418,  42451826
22,  1.535343926,  183061755,  42485622
23,  1.668166588,  179146058,  42487664
24,  1.545259644,  184650019,  42495687
25,  1.625318832,  184438780,  47998533
26,  1.633989871,  175829999,  42513284
27,  1.621562185,  183220930,  47862140
28,  1.576037755,  172301089,  42567576
29,  1.614737261,  182938358,  47583926
30,  1.620014395,  175645385,  42661213
31,  1.642897950,  183402018,  47737484
32,  1.572447674,  166198543,  42561116
33,  1.617883226,  180277492,  47018748
34,  1.634699560,  176226625,  42891066
35,  1.619424614,  181686646,  47109282
36,  1.582197601,  174630143,  42964368
37,  1.619307509,  185121405,  47142070
38,  1.623715963,  178910936,  43235849
39,  1.628724214,  187905600,  47371657
40,  1.607591385,  188443104,  50085040
41,  1.622255874,  187050240,  49910971
42,  1.642441769,  184142210,  43773723
43,  1.637939629,  189768086,  50369949
44,  1.598314975,  182962609,  43989038
45,  1.645337370,  192763522,  50672144
46,  1.645502167,  186635783,  44827445
47,  1.655472165,  193539757,  51216742
48,  1.597640252,  190971040,  45795635
49,  1.640811673,  189051021,  53307868
50,  1.651500916,  186017503,  45726150
51,  1.654769347,  189780344,  53603592
52,  1.607935428,  182593513,  45601409
53,  1.662235467,  191393725,  53782096
54,  1.658457625,  184638462,  46651933
55,  1.668229203,  191531203,  53770075
56,  1.632154276,  178952164,  56001997
57,  1.665026423,  189281495,  59172653
58,  1.661172771,  183380671,  47449407
59,  1.675529164,  190064299,  59885139
60,  1.618055020,  180250404,  47495736
61,  1.683333997,  191346553,  60112488
62,  1.674831766,  182132199,  48654194
63,  1.688426300,  191733651,  60041143
64,  1.593486099,  175302890,  46394968
65,  1.679454065,  187797465,  61093451
66,  1.670489688,  185553494,  60354141
67,  1.686564176,  188470190,  61326448
68,  1.659079292,  183178606,  59175478
69,  1.685532654,  189451851,  60982716
70,  1.668040785,  184794458,  60234803
71,  1.690570034,  190086685,  61085012
72,  1.673529666,  186314036,  60724972
73,  1.677563187,  185417277,  60274979
74,  1.667512016,  183711800,  59672927
75,  1.681612296,  186382901,  60230543
76,  1.655490614,  181679201,  58499151
77,  1.686046888,  187337921,  60299906
78,  1.669800604,  183154138,  59890784
79,  1.691755082,  187920127,  60454272
80,  1.684979951,  185489232,  61903499
81,  1.688267996,  184698504,  61413222
82,  1.683855461,  183223673,  60920993
83,  1.694656667,  185421510,  61379246
84,  1.670275497,  181405738,  59771502
85,  1.696698579,  186667161,  61375290
86,  1.682248270,  182745487,  61053281
87,  1.701027982,  187093847,  61341130
88,  1.699049219,  185385251,  64073355
89,  1.701558278,  184820391,  63501106
90,  1.694669024,  183364282,  63017468
91,  1.706783044,  185509744,  63529229
92,  1.685480763,  181771124,  62031372
93,  1.709566890,  186595191,  63681494
94,  1.696474310,  182969992,  63208066
95,  1.716173389,  187037147,  63818466
96,  1.708990825,  185113146,  65012503
97,  1.710336074,  184461242,  64504205
98,  1.706637713,  183243695,  64133779
99,  1.715456240,  185157667,  64476524
100,  1.695686322,  181998978,  63235321
101,  1.713694641,  186272769,  64344133
102,  1.712534054,  183141570,  65135663
103,  1.715328428,  186516573,  64202042
104,  1.714322419,  185371889,  66273367
105,  1.715076374,  184434692,  65685172
106,  1.708236239,  183470608,  65256681
107,  1.716278282,  184975206,  65577594
108,  1.699981357,  182164980,  64343524
109,  1.711873486,  186033614,  65219059
110,  1.706282270,  183128386,  65292409
111,  1.711648284,  186401561,  65139608
112,  1.689402221,  180370773,  64808423
113,  1.717715576,  185574450,  67892884
114,  1.712455161,  184318474,  67249994
115,  1.716082760,  186137607,  67670674
116,  1.704332196,  183116003,  66569727
117,  1.715404095,  187079209,  67421848
118,  1.709220107,  184193337,  67423114
119,  1.717210305,  187725176,  67602084
120,  1.715730753,  185641515,  68875003
121,  1.715580734,  185665531,  68529698
122,  1.711023945,  184465889,  68243099
123,  1.715980147,  186269573,  68602294
124,  1.705295219,  183384454,  67628439
125,  1.715929416,  187202335,  68319277
126,  1.709756602,  184466802,  68089660
127,  1.717727673,  187777269,  68138495
128,  1.689542471,  180642015,  65648053
129,  1.713460936,  185175637,  67827292
130,  1.706378415,  184156318,  67444158
131,  1.709524951,  185960385,  67208916
132,  1.702502111,  183437878,  66808022
133,  1.710349045,  187106410,  67246678
134,  1.705953686,  184574770,  67500919
135,  1.712672317,  187845073,  67181006
136,  1.690962165,  182483769,  66300613
137,  1.713227155,  186654463,  68298203
138,  1.707287689,  185790727,  67988873
139,  1.712086477,  187510907,  67999419
140,  1.701747527,  185147373,  67306894
141,  1.711490593,  188768085,  67733394
142,  1.707170008,  186406149,  67815693
143,  1.712184909,  189822182,  67760657
144,  1.709971808,  187910062,  68778892
145,  1.713381643,  188012015,  68531029
146,  1.708015447,  187195846,  68354116
147,  1.711948211,  189000100,  68409920
148,  1.702963876,  186811780,  67687068
149,  1.710469021,  190451029,  68426385
150,  1.708026989,  187938152,  68480548
151,  1.710841918,  191036781,  68562252
152,  1.711239440,  189397875,  69495942
153,  1.711915940,  189757457,  69134785
154,  1.714063501,  190210796,  68994597
155,  1.711022741,  190766589,  69286835
156,  1.703392260,  188575964,  68510259
157,  1.709605238,  192490705,  69196057
158,  1.715640557,  191275218,  69315904
159,  1.710737868,  193212305,  69435253
160,  1.695829225,  187912080,  68242748
161,  1.714636525,  192172638,  70369288
162,  1.710133803,  191388316,  70209978
163,  1.712348270,  194073296,  70421007
164,  1.705700060,  191802065,  69698585
165,  1.710400536,  195813049,  70562029
166,  1.710114269,  193540500,  70261356
167,  1.711184664,  197285372,  70534994
168,  1.712723633,  195442964,  71067457
169,  1.713362212,  196974052,  70629331
170,  1.709129717,  196030911,  70461566
171,  1.712040852,  198041193,  70702267
172,  1.705745472,  196363049,  69996226
173,  1.714620225,  199676906,  70819598
174,  1.709463305,  198280291,  70575625
175,  1.711489210,  201321527,  70961404
176,  1.710495962,  199718901,  71546167
177,  1.713069516,  200285914,  71223829
178,  1.708337162,  199783813,  71185959
179,  1.712922837,  201433116,  71303228
180,  1.704315622,  200408962,  70807695
181,  1.709402646,  202699955,  71413956
182,  1.709086949,  201703981,  71220929
183,  1.709787492,  204033880,  71568936
184,  1.699513715,  200984794,  70208588
185,  1.711546759,  204120409,  71973735
186,  1.714546282,  206391379,  72057920
187,  1.711829399,  205585572,  72073567
188,  1.705905135,  203911808,  71398045
189,  1.708802586,  206940459,  72160265
190,  1.710097927,  205518983,  71990246
191,  1.708398144,  208379938,  72327756
192,  1.698196993,  204353471,  70909100
193,  1.710622113,  207928411,  72574238
194,  1.714148638,  211109555,  72578661
195,  1.710372963,  210539246,  72557836
196,  1.704857055,  209212553,  71935766
197,  1.707763572,  213081896,  72592303
198,  1.708385081,  211900107,  72495414
199,  1.707628815,  215766461,  72617195
200,  1.710480123,  214152339,  73195729
201,  1.710020515,  216256248,  72855022
202,  1.706767913,  215972197,  72802779
203,  1.671911897,  219069243,  72801312
204,  1.710885478,  221730241,  72836022
205,  1.708708890,  221940031,  72953899
206,  1.709009036,  220468287,  72752842
207,  1.709755425,  225457563,  73063843
208,  1.701615189,  220421311,  72006685
209,  1.711488778,  225182037,  73680374
210,  1.709200454,  224596611,  73296921
211,  1.712488827,  228489753,  73591659
212,  1.706356528,  226733400,  72969577
213,  1.714227649,  231545156,  73580303
214,  1.710469770,  229174011,  73527072
215,  1.712008089,  235008425,  73646191
216,  1.702247419,  229843241,  72332486
217,  1.712237340,  234283627,  73954501
218,  1.710401887,  233531560,  73557603
219,  1.714259341,  237242133,  73995288
220,  1.707432716,  235435460,  73323674
221,  1.712984574,  240101985,  73929984
222,  1.711127891,  238135780,  73796785
223,  1.713310595,  243260768,  73908545
224,  1.704238701,  237760815,  72489643
225,  1.713027845,  243380272,  73958056
226,  1.718235814,  248060152,  73735173
227,  1.716642015,  248631037,  73869360
228,  1.710274681,  247527886,  73292930
229,  1.716901108,  253754909,  73758340
230,  1.714403821,  251948408,  73616865
231,  1.717098993,  259981032,  73794816
232,  1.707217249,  255459785,  72355158
233,  1.714907170,  261361309,  73342258
234,  1.721770746,  266785855,  73643687
235,  1.719841711,  267384880,  73610598
236,  1.718862695,  270985573,  73119706
237,  1.720330239,  274186344,  73594463
238,  1.719695587,  272351476,  73427527
239,  1.722824169,  280232191,  73341536
240,  1.724060067,  278136104,  73835635
241,  1.725441840,  281863223,  73541376
242,  1.724007383,  283642820,  73266198
243,  1.726013104,  288758251,  73466855
244,  1.723218744,  288587383,  72933281
245,  1.730051724,  294106453,  73170993
246,  1.727113614,  294624280,  73226999
247,  1.730141128,  300330907,  73126312
248,  1.721347765,  297185588,  72097849
249,  1.730075409,  303060878,  73175249
250,  1.730910023,  304520552,  73092779
251,  1.732520011,  308647112,  73142723
252,  1.728814177,  308948724,  72552151
253,  1.735540923,  315138049,  73097879
254,  1.732802758,  315281440,  72994911
255,  1.736159752,  320479156,  72789716
256,  1.727380940,  317152839,  71858421
257,  1.739460124,  325375159,  73145676
258,  1.741863611,  327458024,  72881489
259,  1.743833519,  334228252,  72757727
260,  1.740362502,  336536590,  72365595
261,  1.748710096,  344593924,  72714355
262,  1.745703966,  344302891,  72529499
263,  1.751138324,  352687239,  72406239
264,  1.742270430,  352381575,  71588934
265,  1.755104356,  360347114,  72524867
266,  1.760179564,  364856792,  72376462
267,  1.759230019,  369610766,  72171409
268,  1.755103062,  372079784,  71882125
269,  1.763540134,  379797657,  72178685
270,  1.763303337,  380981919,  72075795
271,  1.769271872,  388938115,  71828131
272,  1.758443657,  389944668,  71212618
273,  1.771410075,  397499520,  72060858
274,  1.770535408,  399085314,  71884095
275,  1.772911267,  405854395,  71755474
276,  1.771504374,  408793178,  71352124
277,  1.779921795,  415844827,  71727656
278,  1.777705842,  415684002,  71579490
279,  1.782725366,  421960844,  71258794
280,  1.773513438,  423813010,  70270866
281,  1.786719055,  430444033,  71163256
282,  1.786819471,  433076825,  71097703
283,  1.787745103,  436445225,  70861408
284,  1.785441824,  439542687,  70225827
285,  1.790688257,  445627036,  70558373
286,  1.793225429,  448038102,  70628534
287,  1.795345398,  451502007,  70367098
288,  1.787177800,  452688737,  69539807
289,  1.797123009,  454867717,  70293999
290,  1.794416243,  455458719,  70290291
291,  1.797334160,  455152306,  70405308
292,  1.791873165,  453725825,  70086444
293,  1.796674138,  455631307,  70145406
294,  1.797758354,  456378502,  70387289
295,  1.796118777,  457751190,  70238268
296,  1.789194596,  454048272,  69756368
297,  1.796554879,  454910607,  70382700
298,  1.795861118,  455863061,  70269368
299,  1.797458389,  456679101,  70307589
300,  1.791413955,  456999473,  70083185
