b,  time,  L1-dcache-load-misses,  LLC-load-misses
1,  2.372448477,  451707243,  42359763
2,  2.021765650,  288338384,  42364130
3,  1.784684183,  317590707,  42534460
4,  1.750761053,  268325398,  42360107
5,  1.705459639,  265199738,  42682538
6,  1.717859326,  244843587,  42511819
7,  1.691069728,  236672427,  42516503
8,  1.699766514,  235572480,  42516801
9,  1.633371831,  219444662,  42472405
10,  1.612550430,  210394872,  42410154
11,  1.622126578,  208100095,  42477985
12,  1.607625026,  197274886,  42393215
13,  1.604137226,  201083632,  42491129
14,  1.589358203,  196422188,  42526517
15,  1.583821944,  195793119,  42509918
16,  1.560599802,  195607323,  42421771
17,  1.631404549,  186024214,  42509560
18,  1.534273515,  187156379,  42458675
19,  1.628217776,  181809174,  42470186
20,  1.529691537,  181923279,  42450510
21,  1.655761033,  180336922,  42449322
22,  1.534429243,  182921419,  42483931
23,  1.669031213,  179025768,  42490530
24,  1.544983756,  184522891,  42496491
25,  1.625288142,  184307322,  47998841
26,  1.635545379,  175724697,  42530484
27,  1.620048140,  183086741,  47865233
28,  1.576180734,  172193210,  42573988
29,  1.614411456,  182827061,  47592823
30,  1.617931129,  175509601,  42662937
31,  1.643004952,  183281488,  47723772
32,  1.572678867,  166038219,  42565553
33,  1.616571492,  180142000,  47002160
34,  1.633668943,  176112623,  42902770
35,  1.618729338,  181640881,  47096357
36,  1.579319610,  174491934,  42971500
37,  1.619105063,  185026604,  47111092
38,  1.623698044,  178789580,  43242638
39,  1.627156383,  187762567,  47363231
40,  1.606403826,  188313324,  50103741
41,  1.622092937,  186921201,  49895260
42,  1.642423421,  184016042,  43798087
43,  1.638178711,  189666790,  50321407
44,  1.597434968,  182816773,  44013745
45,  1.643329013,  192643700,  50649087
46,  1.644366829,  186496617,  44833826
47,  1.653450341,  193411967,  51189677
48,  1.597745464,  190853637,  45829698
49,  1.641838647,  188931677,  53337711
50,  1.651349218,  185885120,  45777878
51,  1.655196158,  189660745,  53600585
52,  1.607469435,  182471811,  45587363
53,  1.661085821,  191259308,  53758299
54,  1.659097814,  184516230,  46668269
55,  1.668304336,  191396299,  53788143
56,  1.630914912,  178828121,  56019904
57,  1.663844682,  189155384,  59190149
58,  1.658870659,  183236299,  47456723
59,  1.675624948,  189934546,  59882098
60,  1.617187912,  180123855,  47485193
61,  1.682911437,  191209248,  60130208
62,  1.673797346,  182016299,  48633982
63,  1.689391936,  191610459,  60087575
64,  1.593252521,  175162921,  46385313
65,  1.679496860,  187680652,  61135224
66,  1.671300964,  185416677,  60378263
67,  1.686148349,  188360365,  61366967
68,  1.659251087,  183057762,  59190758
69,  1.684305046,  189354388,  61009692
70,  1.667450413,  184652947,  60223456
71,  1.690631566,  189961266,  61140568
72,  1.672311962,  186162818,  60729341
73,  1.677273246,  185302861,  60316555
74,  1.666260684,  183581860,  59680482
75,  1.681652186,  186001337,  60231733
76,  1.655507513,  181557604,  58511255
77,  1.685163487,  187238251,  60324748
78,  1.669383317,  183042601,  59910591
79,  1.693767836,  187803046,  60482099
80,  1.685956060,  185375087,  61930435
81,  1.688568657,  184568730,  61397502
82,  1.681366220,  183123967,  60919721
83,  1.694360522,  185289708,  61356443
84,  1.668400146,  181275758,  59762668
85,  1.695711423,  186534376,  61358707
86,  1.682278509,  182629158,  61081215
87,  1.701089555,  186949783,  61354731
88,  1.698708712,  185259425,  64054133
89,  1.700046616,  184689792,  63450547
90,  1.694404929,  183252190,  63044837
91,  1.706598427,  185382633,  63524879
92,  1.685328774,  181648209,  62044380
93,  1.710575053,  186495485,  63710074
94,  1.697813455,  182855499,  63230617
95,  1.716778066,  186909476,  63860608
96,  1.710096481,  184983029,  65019585
97,  1.712337470,  184335487,  64541632
98,  1.704893120,  183120810,  64097831
99,  1.715561078,  185026708,  64490012
100,  1.695832239,  181908434,  63245504
101,  1.713395676,  186146912,  64341364
102,  1.712760961,  183020951,  65145791
103,  1.713800362,  186394116,  64182875
104,  1.713871569,  185238539,  66229411
105,  1.714500177,  184309006,  65700614
106,  1.709312516,  183360057,  65328969
107,  1.715024260,  184863790,  65585805
108,  1.698892334,  182032713,  64308682
109,  1.712889785,  185923095,  65281406
110,  1.705890215,  183022727,  65293853
111,  1.711616700,  186294853,  65157072
112,  1.688673581,  180246607,  64812369
113,  1.717547182,  185442550,  67847186
114,  1.710932667,  184184911,  67241794
115,  1.715824155,  185997283,  67676108
116,  1.702115616,  182971652,  66557218
117,  1.715102063,  186973536,  67449864
118,  1.710038679,  184069006,  67433008
119,  1.718390297,  187829684,  67662968
120,  1.714633807,  185501036,  68874157
121,  1.713549061,  185533016,  68492634
122,  1.712565650,  184362071,  68265032
123,  1.716036954,  186153526,  68604154
124,  1.704478073,  183262841,  67641796
125,  1.716213610,  187100126,  68373931
126,  1.709813501,  184344445,  68128155
127,  1.717094038,  187645646,  68125285
128,  1.688510551,  180489353,  65633951
129,  1.711824115,  185058767,  67770723
130,  1.707873474,  184038765,  67470888
131,  1.709725053,  185809395,  67180502
132,  1.699749302,  183287426,  66816088
133,  1.709526806,  186987323,  67235951
134,  1.706593303,  184451474,  67509078
135,  1.712750206,  187813794,  67300556
136,  1.691377001,  182385277,  66349710
137,  1.711815645,  186531957,  68288588
138,  1.707534095,  185670254,  68012119
139,  1.712728922,  187388361,  68010082
140,  1.702424130,  185024748,  67355215
141,  1.711156928,  188645122,  67742043
142,  1.707145950,  186297541,  67870740
143,  1.712616753,  189711774,  67783571
144,  1.709849084,  187784931,  68790206
145,  1.710411023,  187906617,  68529001
146,  1.709736972,  187070581,  68420535
147,  1.711161656,  188898949,  68394321
148,  1.700739927,  186657248,  67738451
149,  1.708529424,  190338800,  68415240
150,  1.706455061,  187795186,  68450371
151,  1.710932845,  190915028,  68534095
152,  1.710397276,  189258291,  69458520
153,  1.710334149,  189627897,  69134886
154,  1.714163936,  190095099,  68994801
155,  1.711648057,  190633700,  69298590
156,  1.702962605,  188461199,  68535571
157,  1.710171556,  192314256,  69199040
158,  1.713351922,  191125276,  69277510
159,  1.710837719,  193093371,  69456316
160,  1.694721240,  187784480,  68261583
161,  1.712233629,  192336875,  70352385
162,  1.711673927,  191295651,  70260431
163,  1.712254284,  194172016,  70486286
164,  1.705121170,  191694643,  69736221
165,  1.709868284,  195675177,  70553907
166,  1.707833816,  193414752,  70288701
167,  1.711379001,  197174741,  70529715
168,  1.711535770,  196064692,  71200760
169,  1.709790752,  196481785,  70614240
170,  1.709365582,  195947767,  70475818
171,  1.711384087,  197941201,  70730435
172,  1.704999266,  196258850,  69993917
173,  1.709415346,  199538463,  70854912
174,  1.709891410,  198162696,  70607728
175,  1.711924280,  201216648,  70992193
176,  1.711493633,  199589686,  71564524
177,  1.711605898,  200154466,  71205579
178,  1.710226940,  199623006,  71228800
179,  1.709774578,  201304238,  71287990
180,  1.705486371,  200297670,  70865643
181,  1.707959216,  202527153,  71369984
182,  1.707774495,  201549342,  71202769
183,  1.710227055,  203892036,  71575043
184,  1.697887205,  200872605,  70227464
185,  1.708758230,  203983659,  71976290
186,  1.715076664,  206281546,  72062408
187,  1.709829596,  205473984,  72080492
188,  1.705345795,  203796732,  71429548
189,  1.707271958,  206795840,  72153672
190,  1.708058721,  205404651,  71965841
191,  1.707913368,  208281761,  72346987
192,  1.697082387,  204221780,  70904699
193,  1.708660490,  207802587,  72572854
194,  1.715912973,  210983689,  72618616
195,  1.708159295,  210419482,  72550284
196,  1.688280289,  209103493,  71982028
197,  1.707726347,  212937676,  72601921
198,  1.707581715,  211798759,  72508113
199,  1.709124088,  215659420,  72623167
200,  1.708498690,  214018261,  73206836
201,  1.708346954,  216106662,  72865758
202,  1.706661223,  215880643,  72852139
203,  1.708456248,  218882511,  72801872
204,  1.710208101,  221629845,  72806887
205,  1.707951486,  221802286,  72989489
206,  1.707271476,  220325735,  72740329
207,  1.710680297,  225343855,  73083855
208,  1.698711416,  220337991,  71955283
209,  1.710276816,  225040903,  73688673
210,  1.710345450,  224466344,  73319512
211,  1.711623427,  228382902,  73596109
212,  1.706954684,  226647266,  72989902
213,  1.710862281,  231466428,  73515903
214,  1.708190037,  229005269,  73535728
215,  1.713743527,  234906645,  73689379
216,  1.700040660,  229674090,  72301279
217,  1.710415729,  234121357,  73911993
218,  1.709193345,  233408121,  73547716
219,  1.713246904,  237107639,  73958015
220,  1.708363601,  235298602,  73338556
221,  1.711389683,  239998879,  73904563
222,  1.710450250,  238040247,  73805930
223,  1.713510243,  243131083,  73919074
224,  1.701866836,  237613911,  72471650
225,  1.713176285,  243245482,  73974894
226,  1.718513986,  247990757,  73756129
227,  1.713774577,  248491114,  73855106
228,  1.710872447,  247379847,  73300257
229,  1.715078438,  253626512,  73698589
230,  1.713711274,  251851413,  73623276
231,  1.718309136,  259847156,  73771190
232,  1.705619589,  255285680,  72337805
233,  1.715436088,  261230378,  73320290
234,  1.721614293,  266675410,  73638625
235,  1.718219633,  267236455,  73557068
236,  1.721768875,  270939125,  73146599
237,  1.720663857,  274093932,  73591778
238,  1.718303572,  272190193,  73399116
239,  1.722571836,  280136025,  73350564
240,  1.722230849,  278063961,  73840209
241,  1.725791631,  281717719,  73559820
242,  1.722773427,  283460416,  73255969
243,  1.726518551,  288615018,  73473554
244,  1.723113215,  288463730,  72904037
245,  1.728196090,  293964514,  73138881
246,  1.726333005,  294480475,  73221059
247,  1.730356953,  300238778,  73123936
248,  1.720141357,  297123473,  72101009
249,  1.730025241,  302946959,  73182487
250,  1.728232608,  304358313,  73109442
251,  1.733296550,  308539214,  73129730
252,  1.729651293,  308881614,  72536447
253,  1.733417344,  315023437,  73093865
254,  1.733482231,  315158211,  73022080
255,  1.736310382,  320383037,  72778321
256,  1.725645052,  317013580,  71846218
257,  1.739949005,  325185834,  73170735
258,  1.741120910,  327397087,  72878917
259,  1.742273206,  334077326,  72771217
260,  1.740719420,  336420542,  72368255
261,  1.747380224,  344405982,  72714801
262,  1.746157382,  344205322,  72544094
263,  1.748969150,  352613760,  72407114
264,  1.741488754,  352198418,  71566558
265,  1.755118639,  360251644,  72523220
266,  1.757566493,  364754681,  72369116
267,  1.759143559,  369484733,  72130949
268,  1.754808098,  372087632,  71890133
269,  1.761923374,  379685805,  72187902
270,  1.764183440,  380857339,  72052568
271,  1.767395779,  388834911,  71822371
272,  1.758274702,  389808541,  71206828
273,  1.772059677,  397180362,  72128172
274,  1.770097541,  398943473,  71898404
275,  1.773695229,  405711612,  71744217
276,  1.771329686,  408658518,  71352290
277,  1.778568313,  415734746,  71670247
278,  1.778073682,  415567427,  71573479
279,  1.781921701,  421786453,  71301531
280,  1.774522757,  423672190,  70266168
281,  1.783664424,  430286800,  71159117
282,  1.787995869,  432960183,  71124893
283,  1.788411020,  436326513,  70875888
284,  1.784299705,  439402429,  70221486
285,  1.790312612,  445508267,  70555087
286,  1.790863362,  447894850,  70608661
287,  1.794595691,  451356208,  70347274
288,  1.788455552,  452552788,  69535590
289,  1.796230052,  454744584,  70293214
290,  1.794273023,  455327523,  70315798
291,  1.794327693,  455025771,  70389878
292,  1.791140811,  453592226,  70085081
293,  1.797008583,  455528530,  70165116
294,  1.796370816,  456238135,  70400651
295,  1.794577485,  457639043,  70240638
296,  1.786728808,  453922032,  69760794
297,  1.796464700,  454772680,  70403075
298,  1.796378768,  455752111,  70272231
299,  1.796394256,  456546649,  70304450
300,  1.791733225,  456865558,  70071632
