b,  time,  L1-dcache-load-misses,  LLC-load-misses
1,  2.360251467,  451860970,  42364026
2,  2.026939311,  288495043,  42378779
3,  1.788084915,  317762418,  42547845
4,  1.752036573,  268467753,  42378771
5,  1.711028411,  265382695,  42700820
6,  1.721350395,  245003832,  42523689
7,  1.695815742,  236819659,  42533199
8,  1.704248903,  235722663,  42528891
9,  1.637027107,  219583058,  42482480
10,  1.618183299,  210557396,  42423387
11,  1.626546247,  208245896,  42489693
12,  1.613114615,  197437545,  42402477
13,  1.609799959,  201256402,  42506388
14,  1.592652976,  196588094,  42533731
15,  1.589561932,  195944981,  42524213
16,  1.565784545,  195819284,  42441857
17,  1.634975545,  186147347,  42522699
18,  1.540546536,  187305055,  42475593
19,  1.635617553,  181977331,  42483794
20,  1.531814820,  182075753,  42458600
21,  1.660825102,  180481402,  42468537
22,  1.540475725,  183082957,  42505652
23,  1.669352771,  179172492,  42506640
24,  1.550896743,  184698957,  42518046
25,  1.625311212,  184462424,  48028896
26,  1.640401606,  175889759,  42542830
27,  1.628470205,  183280037,  47904104
28,  1.583469768,  172332505,  42591807
29,  1.624265753,  182980124,  47626676
30,  1.627732064,  175668847,  42693840
31,  1.649472920,  183418619,  47787575
32,  1.580229693,  166213440,  42587896
33,  1.623563552,  180246798,  47069027
34,  1.638257290,  176258503,  42934273
35,  1.627919009,  181755889,  47180625
36,  1.586291054,  174639925,  42997219
37,  1.627659723,  185212820,  47207267
38,  1.631885793,  178961626,  43274874
39,  1.637273642,  187978099,  47429235
40,  1.615585260,  188487511,  50148762
41,  1.628754894,  187093521,  49935207
42,  1.647927406,  184182513,  43808310
43,  1.644628087,  189824541,  50382411
44,  1.602143342,  183035113,  43987385
45,  1.652297797,  192819900,  50686819
46,  1.651249344,  186674193,  44843023
47,  1.662995920,  193600871,  51224428
48,  1.605205676,  191024458,  45750049
49,  1.650405716,  189107782,  53347861
50,  1.655993624,  186052955,  45684089
51,  1.663610771,  189823847,  53599172
52,  1.612064064,  182641122,  45561214
53,  1.668221733,  191424761,  53787540
54,  1.660367912,  184699628,  46604132
55,  1.673673767,  191571780,  53764269
56,  1.638675711,  178981738,  56023121
57,  1.673431452,  189333057,  59208960
58,  1.663832828,  183382744,  47426036
59,  1.683240702,  190109601,  59859130
60,  1.623361570,  180293010,  47472736
61,  1.690312893,  191367334,  60096288
62,  1.678928831,  182181094,  48622179
63,  1.692891398,  191764405,  60024495
64,  1.598832097,  175344025,  46434396
65,  1.687154321,  187844679,  61128853
66,  1.675635059,  185563033,  60394940
67,  1.691827169,  188505079,  61333633
68,  1.665971183,  183216971,  59208322
69,  1.691062389,  189500082,  60984357
70,  1.674613946,  184826067,  60241180
71,  1.695149998,  190142074,  61102614
72,  1.677995650,  186309140,  60701985
73,  1.684117245,  185471549,  60289384
74,  1.671508342,  183728645,  59665300
75,  1.687938248,  186167502,  60225867
76,  1.661615672,  181701390,  58506846
77,  1.691137203,  187366363,  60302006
78,  1.676694068,  183192023,  59902295
79,  1.698201109,  187955714,  60446972
80,  1.692138751,  185514795,  61910748
81,  1.695206465,  184737547,  61418882
82,  1.685808689,  183210925,  60875708
83,  1.701209344,  185442074,  61375916
84,  1.676080704,  181427936,  59766363
85,  1.702945375,  186696094,  61377976
86,  1.689224745,  182780762,  61064905
87,  1.705712818,  187095206,  61328027
88,  1.705755465,  185417996,  64029894
89,  1.707637901,  184870073,  63475247
90,  1.698888966,  183381354,  63022303
91,  1.712588786,  185529897,  63509368
92,  1.689965411,  181790223,  62010588
93,  1.716159326,  186644796,  63695385
94,  1.704577489,  182995233,  63196121
95,  1.721323257,  187058155,  63823629
96,  1.716289327,  185129000,  65015327
97,  1.718997707,  184512342,  64534354
98,  1.711729415,  183252236,  64118652
99,  1.722806598,  185187579,  64505694
100,  1.702412503,  182023736,  63207355
101,  1.720259537,  186296338,  64387156
102,  1.720093430,  183169033,  65155916
103,  1.719633313,  186540655,  64205720
104,  1.718191070,  185361872,  66213415
105,  1.722162727,  184499149,  65749271
106,  1.713768395,  183497156,  65295020
107,  1.724292073,  185029239,  65609914
108,  1.705406483,  182194126,  64325404
109,  1.719136050,  186052843,  65282735
110,  1.714225908,  183169492,  65287642
111,  1.718509658,  186432981,  65197845
112,  1.695887038,  180400035,  64833184
113,  1.725168411,  185609451,  67936986
114,  1.718356821,  184331250,  67266356
115,  1.724978106,  186168006,  67707216
116,  1.709644667,  183117572,  66575791
117,  1.722170780,  187126106,  67470961
118,  1.716275522,  184231415,  67403650
119,  1.716452470,  187744370,  67622233
120,  1.722204496,  185681110,  68911866
121,  1.721411891,  185696967,  68543210
122,  1.717248515,  184480470,  68220041
123,  1.724257130,  186339659,  68634519
124,  1.710664741,  183412637,  67651470
125,  1.725116340,  187263032,  68376012
126,  1.715563990,  184491557,  68105833
127,  1.723047733,  187799325,  68150325
128,  1.696523983,  180687362,  65664110
129,  1.718592666,  185210920,  67790740
130,  1.713050786,  184183514,  67462865
131,  1.715513795,  185980042,  67237698
132,  1.705751476,  183475172,  66851617
133,  1.718975002,  187159287,  67291821
134,  1.712767987,  184584950,  67518528
135,  1.717598791,  187862963,  67212115
136,  1.699692439,  182566731,  66355950
137,  1.718888194,  186690795,  68316512
138,  1.714988954,  185815366,  67989759
139,  1.719282970,  187552486,  68062013
140,  1.708285583,  185160352,  67344628
141,  1.719456569,  188819072,  67765355
142,  1.713359924,  186424495,  67870639
143,  1.717952020,  189867223,  67800864
144,  1.716996054,  187926943,  68788280
145,  1.717037303,  188061989,  68558798
146,  1.713533567,  187241125,  68402263
147,  1.717167831,  189051372,  68452940
148,  1.708000761,  186840077,  67703391
149,  1.717028808,  190208742,  68333877
150,  1.712024026,  187966421,  68461322
151,  1.716919413,  191095609,  68600340
152,  1.717501951,  189411342,  69460440
153,  1.718208922,  189804444,  69190274
154,  1.720405332,  190231597,  69008719
155,  1.716940231,  190803416,  69336540
156,  1.707124498,  188595193,  68493447
157,  1.717234389,  192519340,  69223051
158,  1.718880939,  191258638,  69275295
159,  1.717087345,  193250907,  69473073
160,  1.700675277,  187919880,  68238554
161,  1.717745296,  192203918,  70349886
162,  1.716886256,  191435481,  70238279
163,  1.719233441,  194326445,  70502425
164,  1.711757267,  191872429,  69735860
165,  1.716975010,  195868058,  70598056
166,  1.715006761,  193587373,  70295461
167,  1.719185581,  197379590,  70610201
168,  1.717086587,  195467589,  71095577
169,  1.718992677,  196638409,  70661574
170,  1.715598536,  196084934,  70541565
171,  1.718143851,  198076359,  70762212
172,  1.711297411,  196410393,  70004990
173,  1.715539392,  199708120,  70900134
174,  1.716329603,  198316734,  70617855
175,  1.718860938,  201381384,  71024533
176,  1.717411217,  199762887,  71569514
177,  1.718545495,  200311068,  71225719
178,  1.715225511,  199821851,  71178463
179,  1.717410034,  201454871,  71329799
180,  1.712010918,  200487932,  70867909
181,  1.715192204,  202721774,  71444684
182,  1.713335646,  201635117,  71242721
183,  1.714876072,  204060710,  71598904
184,  1.704981520,  201021065,  70261763
185,  1.718010950,  204157902,  72038211
186,  1.721373841,  206457487,  72092776
187,  1.715993681,  205652584,  72117641
188,  1.711248742,  203959000,  71440640
189,  1.714159174,  206977499,  72245591
190,  1.714947134,  205558409,  72034951
191,  1.714743187,  208429823,  72341785
192,  1.703664146,  204410169,  70942927
193,  1.717572805,  208003374,  72613933
194,  1.721094911,  211191125,  72594473
195,  1.715132944,  210562726,  72592907
196,  1.711316812,  209292805,  71995524
197,  1.714342730,  213141828,  72640433
198,  1.714241530,  212026607,  72548177
199,  1.714516331,  215806710,  72645080
200,  1.715034808,  214173610,  73215455
201,  1.715810719,  216309727,  72901630
202,  1.711954098,  215974898,  72843981
203,  1.715872282,  219113349,  72835168
204,  1.717868520,  221797895,  72852846
205,  1.716044082,  221985375,  73021285
206,  1.716025022,  220531655,  72784661
207,  1.716383259,  225539238,  73127493
208,  1.705787284,  220536697,  71991429
209,  1.717467990,  225246708,  73726752
210,  1.714383028,  224685085,  73361121
211,  1.718993025,  228562136,  73631430
212,  1.712516366,  226796345,  73022630
213,  1.717465074,  231669134,  73566330
214,  1.717304641,  229182078,  73561961
215,  1.718147427,  235097294,  73714066
216,  1.708273452,  229876558,  72359271
217,  1.718561286,  234297538,  74000756
218,  1.717580057,  233637290,  73602427
219,  1.719543615,  237260368,  74003390
220,  1.715916234,  235425928,  73363460
221,  1.720865824,  240132423,  73939943
222,  1.718380919,  238195202,  73833684
223,  1.719924087,  243295225,  73949486
224,  1.708672842,  237776295,  72500448
225,  1.719460689,  243460770,  73960038
226,  1.724057917,  248014032,  73787203
227,  1.721840909,  248681079,  73846171
228,  1.715868195,  247555187,  73343196
229,  1.722194232,  253851022,  73733133
230,  1.719094568,  251994602,  73660682
231,  1.722903497,  259994913,  73794733
232,  1.712346577,  255428589,  72345760
233,  1.720838438,  261389594,  73345805
234,  1.729350625,  266837431,  73648080
235,  1.726319839,  267467935,  73633027
236,  1.725988667,  271067688,  73133620
237,  1.727044043,  274242616,  73603279
238,  1.726102945,  272445276,  73423863
239,  1.728897641,  280297502,  73383058
240,  1.731844992,  278258732,  73929958
241,  1.730587791,  281902156,  73545454
242,  1.730104702,  283635386,  73287869
243,  1.733215025,  288785790,  73508187
244,  1.729621691,  288658778,  72919790
245,  1.735470500,  294195408,  73174590
246,  1.733649040,  294676630,  73249948
247,  1.737929688,  300693737,  73164974
248,  1.726890646,  297253427,  72106710
249,  1.736846701,  303159163,  73192849
250,  1.735147315,  304575846,  73097586
251,  1.739412592,  308689359,  73191031
252,  1.735390814,  309051931,  72584161
253,  1.741204585,  315248936,  73111540
254,  1.740900053,  315350698,  73035572
255,  1.743513062,  320561657,  72796866
256,  1.734202351,  317211146,  71863118
257,  1.745456893,  325422898,  73194525
258,  1.746751044,  327532941,  72889250
259,  1.750227513,  334332217,  72795524
260,  1.746634217,  336599595,  72393382
261,  1.753973797,  344599903,  72778082
262,  1.753082978,  344408790,  72571240
263,  1.758153120,  352804158,  72405469
264,  1.748788393,  352455174,  71590639
265,  1.761816169,  360438420,  72575474
266,  1.765455970,  364911528,  72412829
267,  1.764282591,  369637243,  72170166
268,  1.762950535,  372270973,  71926904
269,  1.770109694,  379857791,  72202674
270,  1.769976800,  381012717,  72079323
271,  1.773458730,  389007213,  71848801
272,  1.764400732,  389957007,  71228719
273,  1.777948846,  397519862,  72115724
274,  1.776886754,  399105857,  71925545
275,  1.780219061,  405933175,  71765300
276,  1.778107466,  408854869,  71379913
277,  1.785154123,  415920099,  71716648
278,  1.784577627,  415750971,  71590661
279,  1.788052370,  422011448,  71295062
280,  1.780078356,  423859008,  70303755
281,  1.790619237,  430450391,  71209957
282,  1.793529068,  433120868,  71142766
283,  1.794820146,  436480406,  70906350
284,  1.790132733,  439568130,  70271075
285,  1.797191311,  445705009,  70613671
286,  1.796396198,  448078291,  70645033
287,  1.800647816,  451561053,  70396942
288,  1.792791805,  452755926,  69570119
289,  1.802996505,  454904545,  70346464
290,  1.801909076,  455499911,  70345172
291,  1.803004090,  455187672,  70424947
292,  1.798909005,  453776050,  70115642
293,  1.804783058,  455678500,  70200658
294,  1.803529704,  456405173,  70423265
295,  1.802532124,  457758576,  70286929
296,  1.794017332,  454078888,  69794744
297,  1.803022027,  454926871,  70401700
298,  1.804902423,  455918894,  70318646
299,  1.803834474,  456702015,  70349632
300,  1.799958748,  457036661,  70114044
